x	N1	N8	N15	N22	N29	N36	N43	N50	N57	N64	N71	N78	N85	N92	N99	N106	N113	N120	N127	N134	N141	N148	N155	N162	N169	N176
0.01	0.000397753	0.000397753	0.000397753	0.000397753	0.000397753	0.000397753	0.000397753	0.000397752	0.000397756	0.000397716	0.000396598	0.000390706	0.000374226	0.000343186	0.000298882	0.000247175	0.000195071	0.000147865	0.000108234	7.67154e-05	5.25869e-05	3.46045e-05	2.14524e-05	1.19587e-05	5.16873e-06	2.34456e-06
0.02036	0.000397753	0.000397753	0.000397753	0.000397753	0.000397753	0.000397752	0.000397754	0.000397747	0.000397781	0.000397355	0.000392683	0.000375779	0.000340376	0.000288597	0.000229738	0.000173681	0.000126349	8.93958e-05	6.19104e-05	4.20411e-05	2.79047e-05	1.79325e-05	1.09282e-05	6.01888e-06	2.58116e-06	1.16562e-06
0.031381	0.000397753	0.000397753	0.000397753	0.000397753	0.000397753	0.000397752	0.000397754	0.000397747	0.000397807	0.000396142	0.000385466	0.000356347	0.000307154	0.000246792	0.00018726	0.000136436	9.67732e-05	6.73959e-05	4.62493e-05	3.12507e-05	2.06901e-05	1.32799e-05	8.08846e-06	4.45388e-06	1.90989e-06	8.62471e-07
0.0433274	0.000397753	0.000397753	0.000397752	0.000397753	0.000397752	0.000397755	0.000397747	0.00039777	0.000397711	0.000393611	0.000375386	0.000335379	0.000277859	0.000215455	0.000159206	0.000114027	8.0079e-05	5.54746e-05	3.79674e-05	2.56221e-05	1.69538e-05	1.08791e-05	6.62566e-06	3.64831e-06	1.56445e-06	7.06481e-07
0.0564444	0.000397753	0.000397753	0.000397752	0.000397754	0.00039775	0.000397759	0.000397734	0.000397828	0.00039729	0.000389516	0.000363203	0.000314518	0.000252654	0.000191233	0.000139074	9.86895e-05	6.8968e-05	4.76604e-05	3.25812e-05	2.19757e-05	1.45377e-05	9.32795e-06	5.6808e-06	3.12803e-06	1.34135e-06	6.05738e-07
0.07097	0.000397753	0.000397753	0.000397752	0.000397753	0.00039775	0.000397759	0.000397727	0.000397896	0.000396318	0.000383817	0.00034963	0.000294512	0.000230934	0.000171831	0.000123675	8.72681e-05	6.0812e-05	4.19662e-05	2.86704e-05	1.93324e-05	1.27877e-05	8.20471e-06	4.99669e-06	2.75135e-06	1.17983e-06	5.328e-07
0.0871454	0.000397753	0.000397753	0.000397753	0.000397752	0.000397753	0.000397753	0.00039774	0.00039791	0.000394594	0.000376612	0.000335231	0.000275654	0.000212047	0.00015581	0.000111343	7.82716e-05	5.44422e-05	3.75377e-05	2.56348e-05	1.72826e-05	1.1431e-05	7.33412e-06	4.46649e-06	2.45942e-06	1.05465e-06	4.76271e-07
0.105223	0.000397753	0.000397752	0.000397754	0.00039775	0.000397759	0.000397739	0.000397784	0.000397774	0.000391966	0.000368069	0.000320428	0.000258023	0.000195454	0.00014226	0.000101131	7.09052e-05	4.92553e-05	3.39411e-05	2.31725e-05	1.56208e-05	1.03315e-05	6.62859e-06	4.03682e-06	2.22284e-06	9.53206e-07	4.3046e-07
0.125473	0.000397753	0.000397752	0.000397754	0.000397748	0.000397764	0.000397722	0.000397856	0.000397372	0.000388334	0.000358389	0.000305525	0.000241599	0.000180737	0.000130582	9.2466e-05	6.47032e-05	4.49052e-05	3.09303e-05	2.1113e-05	1.42314e-05	9.41227e-06	6.0388e-06	3.67765e-06	2.02507e-06	8.68403e-07	3.92165e-07
0.14819	0.000397753	0.000397752	0.000397754	0.000397748	0.000397765	0.000397712	0.000397938	0.000396578	0.000383652	0.000347782	0.000290744	0.000226323	0.000167576	0.000120367	8.49747e-05	5.93728e-05	4.11769e-05	2.83532e-05	1.93512e-05	1.30432e-05	8.62625e-06	5.53448e-06	3.37053e-06	1.85597e-06	7.9589e-07	3.59419e-07
0.173699	0.000397753	0.000397753	0.000397753	0.000397751	0.000397759	0.000397718	0.00039799	0.000395268	0.000377921	0.000336451	0.00027624	0.000212117	0.000155722	0.000111328	7.84046e-05	5.47186e-05	3.79284e-05	2.61101e-05	1.78184e-05	1.20095e-05	7.94256e-06	5.09584e-06	3.10341e-06	1.70888e-06	7.32818e-07	3.30937e-07
0.202358	0.000397752	0.000397753	0.000397751	0.000397756	0.000397747	0.000397749	0.000397958	0.00039333	0.000371177	0.000324583	0.000262122	0.000198903	0.000144981	0.000103251	7.25766e-05	5.06043e-05	3.50616e-05	2.4132e-05	1.64672e-05	1.10985e-05	7.33998e-06	4.70923e-06	2.86797e-06	1.57925e-06	6.77229e-07	3.05834e-07
0.234571	0.000397752	0.000397754	0.000397748	0.000397763	0.000397729	0.000397806	0.000397769	0.000390672	0.000363485	0.000312351	0.000248463	0.000186602	0.000135199	9.59796e-05	6.73593e-05	4.69315e-05	3.25057e-05	2.23694e-05	1.52635e-05	1.0287e-05	6.80329e-06	4.36491e-06	2.65828e-06	1.46379e-06	6.27719e-07	2.83476e-07
0.270786	0.000397751	0.000397755	0.000397747	0.000397767	0.000397712	0.000397885	0.00039734	0.000387223	0.000354931	0.000299904	0.000235311	0.000175143	0.000126251	8.93905e-05	6.26539e-05	4.36264e-05	3.02081e-05	2.07858e-05	1.41822e-05	9.55814e-06	6.32122e-06	4.05563e-06	2.46994e-06	1.36008e-06	5.83247e-07	2.63393e-07
0.311506	0.000397752	0.000397755	0.000397747	0.000397768	0.000397702	0.000397968	0.000396578	0.000382936	0.000345616	0.000287373	0.000222695	0.000164458	0.000118035	8.3388e-05	5.83838e-05	4.06326e-05	2.81287e-05	1.93531e-05	1.32042e-05	8.89888e-06	5.88522e-06	3.77591e-06	2.29959e-06	1.26628e-06	5.43025e-07	2.45229e-07
0.357297	0.000397752	0.000397753	0.00039775	0.000397762	0.000397708	0.000398025	0.00039539	0.000377791	0.000335652	0.000274868	0.000210631	0.000154486	0.000110466	7.78951e-05	5.44888e-05	3.79059e-05	2.62362e-05	1.80496e-05	1.23145e-05	8.29918e-06	5.48862e-06	3.52146e-06	2.14464e-06	1.18096e-06	5.06436e-07	2.28706e-07
0.408792	0.000397753	0.000397751	0.000397755	0.00039775	0.000397735	0.000398016	0.000393683	0.00037179	0.000325153	0.000262482	0.00019912	0.000145172	0.000103475	7.28494e-05	5.09205e-05	3.54111e-05	2.45056e-05	1.68579e-05	1.15012e-05	7.75103e-06	5.1261e-06	3.28888e-06	2.003e-06	1.10297e-06	4.72992e-07	2.13603e-07
0.466704	0.000397755	0.000397749	0.000397762	0.000397732	0.000397787	0.000397885	0.000391377	0.000364957	0.000314232	0.000250293	0.000188161	0.000136464	9.70018e-05	6.81992e-05	4.76394e-05	3.31196e-05	2.29168e-05	1.57641e-05	1.07547e-05	7.24794e-06	4.79339e-06	3.07543e-06	1.87301e-06	1.03139e-06	4.42298e-07	1.99742e-07
0.5	0.000397755	0.000397747	0.000397765	0.000397722	0.000397823	0.000397766	0.000389937	0.000361027	0.000308236	0.000243793	0.000182419	0.000131946	9.366e-05	6.58048e-05	4.59519e-05	3.19417e-05	2.21004e-05	1.52021e-05	1.03712e-05	6.98945e-06	4.62245e-06	2.96575e-06	1.80621e-06	9.94612e-07	4.26526e-07	1.9262e-07
0.572105	0.000397756	0.000397746	0.00039777	0.000397704	0.000397908	0.000397292	0.000386426	0.000352688	0.000296477	0.000231639	0.000171973	0.000123849	8.77158e-05	6.15612e-05	4.29666e-05	2.98596e-05	2.06577e-05	1.42091e-05	9.69368e-06	6.53284e-06	4.32048e-06	2.77202e-06	1.68823e-06	9.29646e-07	3.98667e-07	1.80039e-07
0.649789	0.000397756	0.000397747	0.00039777	0.000397696	0.00039799	0.000396533	0.000382321	0.000344016	0.000285054	0.000220309	0.000162462	0.000116569	8.2406e-05	5.77825e-05	4.03122e-05	2.80096e-05	1.93762e-05	1.33273e-05	9.09198e-06	6.12733e-06	4.05231e-06	2.59997e-06	1.58345e-06	8.7195e-07	3.73926e-07	1.68865e-07
0.731936	0.000397754	0.000397749	0.000397764	0.000397701	0.000398046	0.000395471	0.000377749	0.000335262	0.000274183	0.000209901	0.000153901	0.000110085	7.77012e-05	5.44429e-05	3.79692e-05	2.63775e-05	1.8246e-05	1.25496e-05	8.56137e-06	5.76974e-06	3.81582e-06	2.44825e-06	1.49105e-06	8.21071e-07	3.52108e-07	1.59012e-07
0.817654	0.000397752	0.000397754	0.000397754	0.000397722	0.000398056	0.000394109	0.000372833	0.000326609	0.000263971	0.000200418	0.00014623	0.000104327	7.35424e-05	5.14971e-05	3.59045e-05	2.494e-05	1.72508e-05	1.18648e-05	8.09417e-06	5.45488e-06	3.6076e-06	2.31466e-06	1.4097e-06	7.76272e-07	3.32896e-07	1.50337e-07
0.906228	0.000397749	0.000397759	0.00039774	0.000397758	0.000398	0.000392467	0.000367685	0.000318182	0.000254454	0.000191808	0.000139367	9.92137e-05	6.98623e-05	4.88951e-05	3.40823e-05	2.36718e-05	1.63729e-05	1.12608e-05	7.6821e-06	5.17718e-06	3.42395e-06	2.19683e-06	1.33794e-06	7.3676e-07	3.15952e-07	1.42685e-07
0.997088	0.000397747	0.000397764	0.000397725	0.000397806	0.000397865	0.000390572	0.000362401	0.000310061	0.000245625	0.000183999	0.000133218	9.46615e-05	6.65964e-05	4.65894e-05	3.24687e-05	2.25492e-05	1.55958e-05	1.07263e-05	7.31741e-06	4.93141e-06	3.26142e-06	2.09255e-06	1.27443e-06	7.01789e-07	3.00956e-07	1.35912e-07
1.08978	0.000397745	0.000397769	0.00039771	0.000397862	0.00039764	0.000388457	0.000357059	0.000302288	0.000237453	0.000176911	0.000127695	9.05948e-05	6.36866e-05	4.45376e-05	3.10337e-05	2.1551e-05	1.4905e-05	1.02511e-05	6.99321e-06	4.71293e-06	3.11693e-06	1.99985e-06	1.21798e-06	6.70703e-07	2.87625e-07	1.29892e-07
1.18393	0.000397743	0.000397772	0.000397698	0.000397922	0.000397321	0.000386157	0.000351718	0.000294886	0.000229895	0.000170465	0.000122719	8.6947e-05	6.10823e-05	4.27033e-05	2.97514e-05	2.06593e-05	1.4288e-05	9.8266e-06	6.70363e-06	4.51778e-06	2.98787e-06	1.91705e-06	1.16755e-06	6.42935e-07	2.75717e-07	1.24515e-07
1.27925	0.000397743	0.000397774	0.000397689	0.00039798	0.000396905	0.000383705	0.000346425	0.000287858	0.000222903	0.000164589	0.000118217	8.36607e-05	5.87406e-05	4.10554e-05	2.86e-05	1.98587e-05	1.3734e-05	9.44555e-06	6.44368e-06	4.3426e-06	2.87202e-06	1.84272e-06	1.12228e-06	6.18008e-07	2.65028e-07	1.19687e-07
1.3755	0.000397743	0.000397773	0.000397686	0.000398031	0.000396393	0.00038113	0.000341214	0.000281198	0.000216427	0.000159216	0.00011413	8.06869e-05	5.66252e-05	3.9568e-05	2.75609e-05	1.91364e-05	1.32343e-05	9.10181e-06	6.20918e-06	4.18457e-06	2.76751e-06	1.77567e-06	1.08145e-06	5.95521e-07	2.55384e-07	1.15333e-07
1.47251	0.000397745	0.00039777	0.000397687	0.000398073	0.000395788	0.00037846	0.000336109	0.000274892	0.000210419	0.00015429	0.000110404	7.79842e-05	5.47054e-05	3.8219e-05	2.6619e-05	1.84817e-05	1.27813e-05	8.79024e-06	5.99663e-06	4.04133e-06	2.67278e-06	1.71489e-06	1.04443e-06	5.75139e-07	2.46644e-07	1.11385e-07
1.5	0.000397746	0.000397769	0.000397689	0.000398083	0.000395609	0.000377697	0.000334673	0.000273135	0.000208756	0.00015293	0.000109378	7.72405e-05	5.41773e-05	3.7848e-05	2.63599e-05	1.83017e-05	1.26567e-05	8.70456e-06	5.93818e-06	4.00194e-06	2.64673e-06	1.69818e-06	1.03426e-06	5.69535e-07	2.4424e-07	1.103e-07
1.59808	0.000397749	0.000397764	0.000397698	0.000398107	0.000394887	0.000374928	0.000329711	0.000267243	0.000203273	0.000148492	0.000106045	7.48308e-05	5.24685e-05	3.66481e-05	2.55224e-05	1.77196e-05	1.22541e-05	8.42761e-06	5.74925e-06	3.87462e-06	2.56253e-06	1.64416e-06	1.00136e-06	5.51417e-07	2.36471e-07	1.06791e-07
1.69753	0.000397752	0.000397756	0.000397713	0.000398112	0.000394074	0.000372086	0.000324844	0.000261617	0.000198121	0.000144359	0.000102955	7.26018e-05	5.08894e-05	3.554e-05	2.47491e-05	1.71823e-05	1.18823e-05	8.17193e-06	5.57483e-06	3.75707e-06	2.48479e-06	1.59428e-06	9.7098e-07	5.34691e-07	2.29298e-07	1.03552e-07
1.79906	0.000397757	0.000397748	0.000397734	0.000398096	0.000393167	0.000369164	0.000320042	0.000256204	0.000193237	0.000140472	0.00010006	7.05183e-05	4.94149e-05	3.45057e-05	2.40274e-05	1.66809e-05	1.15355e-05	7.93337e-06	5.41209e-06	3.6474e-06	2.41226e-06	1.54775e-06	9.4264e-07	5.19085e-07	2.22606e-07	1.0053e-07
1.90328	0.000397762	0.000397738	0.00039776	0.000398055	0.000392162	0.000366159	0.000315288	0.000250966	0.000188574	0.000136788	9.73278e-05	6.85551e-05	4.80268e-05	3.35324e-05	2.33485e-05	1.62091e-05	1.12092e-05	7.70896e-06	5.259e-06	3.54423e-06	2.34403e-06	1.50397e-06	9.1598e-07	5.04404e-07	2.1631e-07	9.76867e-08
2.01069	0.000397767	0.000397727	0.000397791	0.000397985	0.000391055	0.000363065	0.000310568	0.000245877	0.0001841	0.000133277	9.47327e-05	6.66937e-05	4.67117e-05	3.26107e-05	2.27056e-05	1.57625e-05	1.09003e-05	7.49649e-06	5.11406e-06	3.44656e-06	2.27944e-06	1.46253e-06	8.90739e-07	4.90505e-07	2.1035e-07	9.49949e-08
2.12172	0.000397772	0.000397716	0.000397827	0.000397882	0.000389842	0.000359883	0.000305874	0.000240917	0.00017979	0.000129917	9.22563e-05	6.49203e-05	4.54596e-05	3.17334e-05	2.20938e-05	1.53376e-05	1.06063e-05	7.29433e-06	4.97615e-06	3.35362e-06	2.21797e-06	1.42309e-06	8.66723e-07	4.77281e-07	2.04679e-07	9.24338e-08
2.23676	0.000397777	0.000397704	0.000397866	0.000397742	0.000388522	0.000356612	0.0003012	0.000236072	0.000175625	0.000126688	8.98845e-05	6.32241e-05	4.4263e-05	3.08953e-05	2.15094e-05	1.49317e-05	1.03256e-05	7.10124e-06	4.84443e-06	3.26485e-06	2.15927e-06	1.38543e-06	8.43783e-07	4.64649e-07	1.99262e-07	8.99874e-08
2.35616	0.000397781	0.000397694	0.000397909	0.000397561	0.000387091	0.000353253	0.000296544	0.000231331	0.000171592	0.000123579	8.76063e-05	6.15972e-05	4.31159e-05	3.00921e-05	2.09495e-05	1.45427e-05	1.00566e-05	6.91623e-06	4.71822e-06	3.1798e-06	2.10302e-06	1.34934e-06	8.21804e-07	4.52546e-07	1.94071e-07	8.76435e-08
2.48025	0.000397785	0.000397685	0.000397952	0.000397333	0.000385548	0.000349809	0.000291905	0.000226688	0.00016768	0.000120578	8.54132e-05	6.00329e-05	4.20137e-05	2.93205e-05	2.04116e-05	1.41692e-05	9.7982e-06	6.73854e-06	4.597e-06	3.09811e-06	2.04899e-06	1.31468e-06	8.00695e-07	4.40921e-07	1.89086e-07	8.53923e-08
2.60932	0.000397787	0.000397677	0.000397996	0.000397055	0.000383891	0.000346282	0.000287284	0.000222136	0.000163879	0.000117677	8.32982e-05	5.8526e-05	4.09525e-05	2.85778e-05	1.9894e-05	1.38097e-05	9.54956e-06	6.56755e-06	4.48035e-06	3.0195e-06	1.99701e-06	1.28132e-06	7.8038e-07	4.29735e-07	1.84289e-07	8.32259e-08
2.74366	0.000397788	0.000397672	0.000398038	0.00039672	0.000382121	0.000342677	0.000282681	0.000217672	0.000160184	0.000114868	8.12554e-05	5.70722e-05	3.99292e-05	2.78618e-05	1.9395e-05	1.34631e-05	9.30991e-06	6.40272e-06	4.36792e-06	2.94373e-06	1.94689e-06	1.24917e-06	7.60799e-07	4.18952e-07	1.79665e-07	8.11377e-08
2.88358	0.000397788	0.00039767	0.000398077	0.000396326	0.000380235	0.000338998	0.000278099	0.000213293	0.000156588	0.000112147	7.92802e-05	5.56679e-05	3.89411e-05	2.71707e-05	1.89134e-05	1.31287e-05	9.0786e-06	6.24365e-06	4.2594e-06	2.87059e-06	1.89853e-06	1.21814e-06	7.419e-07	4.08545e-07	1.75202e-07	7.91222e-08
3.02935	0.000397785	0.000397671	0.00039811	0.000395866	0.000378236	0.000335249	0.00027354	0.000208996	0.000153087	0.000109508	7.73682e-05	5.43098e-05	3.79861e-05	2.65028e-05	1.8448e-05	1.28055e-05	8.8551e-06	6.08994e-06	4.15455e-06	2.79993e-06	1.8518e-06	1.18816e-06	7.23639e-07	3.9849e-07	1.7089e-07	7.71748e-08
3.18126	0.000397781	0.000397677	0.000398136	0.000395337	0.000376123	0.000331436	0.000269006	0.000204779	0.000149676	0.000106947	7.5516e-05	5.29954e-05	3.70622e-05	2.58567e-05	1.79979e-05	1.2493e-05	8.63895e-06	5.94128e-06	4.05314e-06	2.73159e-06	1.8066e-06	1.15916e-06	7.05978e-07	3.88764e-07	1.6672e-07	7.52914e-08
3.33959	0.000397774	0.000397687	0.000398152	0.000394734	0.000373898	0.000327562	0.0002645	0.000200641	0.000146351	0.000104459	7.37205e-05	5.17223e-05	3.61676e-05	2.52313e-05	1.75621e-05	1.21904e-05	8.42972e-06	5.79739e-06	3.95498e-06	2.66544e-06	1.76285e-06	1.13109e-06	6.88883e-07	3.79351e-07	1.62683e-07	7.34683e-08
3.50466	0.000397766	0.000397701	0.000398154	0.000394052	0.000371561	0.000323634	0.000260024	0.00019658	0.00014311	0.000102042	7.19787e-05	5.04882e-05	3.53008e-05	2.46254e-05	1.71401e-05	1.18974e-05	8.22705e-06	5.65802e-06	3.8599e-06	2.60136e-06	1.72048e-06	1.1039e-06	6.72325e-07	3.70233e-07	1.58772e-07	7.17024e-08
3.67676	0.000397755	0.000397721	0.000398141	0.000393289	0.000369116	0.000319657	0.00025558	0.000192595	0.00013995	9.96925e-05	7.02881e-05	4.92913e-05	3.44604e-05	2.40381e-05	1.6731e-05	1.16133e-05	8.03061e-06	5.52292e-06	3.76774e-06	2.53926e-06	1.6794e-06	1.07755e-06	6.56274e-07	3.61394e-07	1.54982e-07	6.99907e-08
3.85621	0.000397743	0.000397745	0.000398109	0.000392439	0.000366564	0.000315636	0.000251172	0.000188684	0.000136866	9.74075e-05	6.86463e-05	4.81299e-05	3.36452e-05	2.34684e-05	1.63342e-05	1.13378e-05	7.8401e-06	5.3919e-06	3.67836e-06	2.47902e-06	1.63957e-06	1.05199e-06	6.40708e-07	3.52822e-07	1.51306e-07	6.83307e-08
4.04333	0.000397729	0.000397775	0.000398055	0.000391501	0.000363907	0.000311576	0.000246801	0.000184847	0.000133858	9.51843e-05	6.70513e-05	4.70022e-05	3.28539e-05	2.29155e-05	1.59491e-05	1.10705e-05	7.65523e-06	5.26476e-06	3.59163e-06	2.42057e-06	1.60091e-06	1.02719e-06	6.25603e-07	3.44505e-07	1.47739e-07	6.67198e-08
4.23846	0.000397713	0.000397808	0.000397976	0.000390469	0.000361148	0.000307482	0.000242469	0.000181082	0.000130923	9.30206e-05	6.55009e-05	4.59068e-05	3.20854e-05	2.23787e-05	1.55753e-05	1.08109e-05	7.47574e-06	5.14132e-06	3.50743e-06	2.36383e-06	1.56338e-06	1.00311e-06	6.10938e-07	3.36429e-07	1.44276e-07	6.51558e-08
4.44195	0.000397697	0.000397846	0.000397868	0.000389342	0.00035829	0.000303359	0.000238179	0.000177389	0.000128057	9.09141e-05	6.39935e-05	4.48423e-05	3.13389e-05	2.18573e-05	1.52121e-05	1.05588e-05	7.30141e-06	5.02143e-06	3.42564e-06	2.30871e-06	1.52693e-06	9.79718e-07	5.96694e-07	3.28585e-07	1.40912e-07	6.36368e-08
4.65416	0.00039768	0.000397887	0.000397728	0.000388118	0.000355337	0.000299213	0.000233933	0.000173766	0.00012526	8.88627e-05	6.25272e-05	4.38075e-05	3.06134e-05	2.13505e-05	1.48593e-05	1.03139e-05	7.13201e-06	4.90494e-06	3.34617e-06	2.25515e-06	1.49151e-06	9.56992e-07	5.82853e-07	3.20964e-07	1.37644e-07	6.21607e-08
4.87547	0.000397664	0.00039793	0.000397551	0.000386793	0.00035229	0.000295047	0.000229732	0.000170213	0.000122529	8.68644e-05	6.11005e-05	4.28011e-05	2.9908e-05	2.08579e-05	1.45163e-05	1.00757e-05	6.96734e-06	4.79169e-06	3.26892e-06	2.20309e-06	1.45708e-06	9.349e-07	5.69398e-07	3.13554e-07	1.34466e-07	6.07258e-08
5.10627	0.000397648	0.000397975	0.000397335	0.000385367	0.000349155	0.000290866	0.000225577	0.000166728	0.000119862	8.49175e-05	5.97118e-05	4.18221e-05	2.92219e-05	2.03789e-05	1.41827e-05	9.84416e-06	6.80721e-06	4.68157e-06	3.19379e-06	2.15246e-06	1.42359e-06	9.13417e-07	5.56314e-07	3.0635e-07	1.31377e-07	5.93305e-08
5.34697	0.000397635	0.00039802	0.000397075	0.000383837	0.000345935	0.000286675	0.000221471	0.000163311	0.000117258	8.302e-05	5.83598e-05	4.08694e-05	2.85544e-05	1.99128e-05	1.38582e-05	9.6189e-06	6.65144e-06	4.57444e-06	3.12072e-06	2.10321e-06	1.39102e-06	8.92519e-07	5.43587e-07	2.99341e-07	1.28371e-07	5.79731e-08
5.59801	0.000397623	0.000398063	0.000396767	0.000382204	0.000342632	0.000282478	0.000217415	0.000159961	0.000114715	8.11704e-05	5.70432e-05	3.9942e-05	2.79048e-05	1.94593e-05	1.35424e-05	9.39971e-06	6.49987e-06	4.47021e-06	3.04961e-06	2.05529e-06	1.35933e-06	8.72185e-07	5.31202e-07	2.92521e-07	1.25446e-07	5.66524e-08
5.85981	0.000397615	0.000398103	0.000396407	0.000380466	0.000339253	0.000278279	0.000213409	0.000156676	0.00011223	7.93673e-05	5.57608e-05	3.90391e-05	2.72724e-05	1.90179e-05	1.32351e-05	9.18636e-06	6.35234e-06	4.36875e-06	2.98039e-06	2.00865e-06	1.32848e-06	8.52392e-07	5.19148e-07	2.85883e-07	1.226e-07	5.53668e-08
6.13286	0.000397612	0.000398138	0.000395991	0.000378623	0.0003358	0.000274081	0.000209455	0.000153456	0.000109803	7.76089e-05	5.45113e-05	3.81597e-05	2.66567e-05	1.8588e-05	1.29359e-05	8.97865e-06	6.20871e-06	4.26997e-06	2.91301e-06	1.96324e-06	1.29845e-06	8.33122e-07	5.07412e-07	2.7942e-07	1.19828e-07	5.41152e-08
6.41762	0.000397613	0.000398166	0.000395516	0.000376676	0.000332277	0.000269888	0.000205553	0.000150299	0.000107433	7.58941e-05	5.32936e-05	3.73031e-05	2.60569e-05	1.81695e-05	1.26445e-05	8.77637e-06	6.06884e-06	4.17378e-06	2.84739e-06	1.91901e-06	1.2692e-06	8.14356e-07	4.95983e-07	2.73127e-07	1.17129e-07	5.28963e-08
6.71461	0.00039762	0.000398185	0.000394976	0.000374625	0.00032869	0.000265703	0.000201705	0.000147205	0.000105117	7.42214e-05	5.21068e-05	3.64684e-05	2.54727e-05	1.77617e-05	1.23606e-05	8.57934e-06	5.93259e-06	4.08008e-06	2.78347e-06	1.87594e-06	1.24071e-06	7.96077e-07	4.8485e-07	2.66996e-07	1.145e-07	5.17091e-08
7.02434	0.000397634	0.000398192	0.000394369	0.000372471	0.000325042	0.000261529	0.00019791	0.000144173	0.000102854	7.25895e-05	5.09499e-05	3.5655e-05	2.49034e-05	1.73645e-05	1.20841e-05	8.38737e-06	5.79985e-06	3.98879e-06	2.7212e-06	1.83397e-06	1.21295e-06	7.78269e-07	4.74004e-07	2.61024e-07	1.11939e-07	5.05523e-08
7.34738	0.000397655	0.000398185	0.00039369	0.000370214	0.000321338	0.000257371	0.000194169	0.000141201	0.000100642	7.09972e-05	4.98218e-05	3.48622e-05	2.43486e-05	1.69773e-05	1.18146e-05	8.20031e-06	5.6705e-06	3.89983e-06	2.66051e-06	1.79307e-06	1.18591e-06	7.60914e-07	4.63434e-07	2.55203e-07	1.09443e-07	4.94251e-08
7.68427	0.000397683	0.00039816	0.000392936	0.000367858	0.000317583	0.000253229	0.000190482	0.000138289	9.84813e-05	6.94434e-05	4.87216e-05	3.40892e-05	2.38078e-05	1.65999e-05	1.15519e-05	8.01797e-06	5.54441e-06	3.81313e-06	2.60136e-06	1.75321e-06	1.15954e-06	7.43998e-07	4.53132e-07	2.4953e-07	1.0701e-07	4.83264e-08
8.03564	0.00039772	0.000398116	0.000392103	0.000365402	0.000313781	0.000249108	0.00018685	0.000135435	9.63693e-05	6.79267e-05	4.76484e-05	3.33355e-05	2.32805e-05	1.6232e-05	1.12958e-05	7.84021e-06	5.4215e-06	3.72859e-06	2.54369e-06	1.71434e-06	1.13384e-06	7.27507e-07	4.43088e-07	2.43999e-07	1.04638e-07	4.72552e-08
8.40208	0.000397764	0.00039805	0.000391187	0.000362849	0.000309936	0.00024501	0.000183272	0.000132638	9.43051e-05	6.64463e-05	4.66015e-05	3.26003e-05	2.27663e-05	1.58732e-05	1.10461e-05	7.66688e-06	5.30164e-06	3.64617e-06	2.48746e-06	1.67645e-06	1.10878e-06	7.11426e-07	4.33294e-07	2.38606e-07	1.02325e-07	4.62107e-08
8.78426	0.000397817	0.000397958	0.000390185	0.000360202	0.000306054	0.000240937	0.000179749	0.000129898	9.22873e-05	6.50008e-05	4.55799e-05	3.18832e-05	2.22647e-05	1.55233e-05	1.08025e-05	7.49782e-06	5.18474e-06	3.56577e-06	2.43262e-06	1.63949e-06	1.08433e-06	6.95742e-07	4.23742e-07	2.33346e-07	1.00069e-07	4.5192e-08
9.18285	0.000397877	0.000397837	0.000389094	0.000357462	0.000302139	0.000236892	0.000176281	0.000127212	9.03147e-05	6.35894e-05	4.45829e-05	3.11835e-05	2.17754e-05	1.5182e-05	1.05649e-05	7.3329e-06	5.0707e-06	3.48735e-06	2.37912e-06	1.60343e-06	1.06048e-06	6.80441e-07	4.14423e-07	2.28214e-07	9.78689e-08	4.41982e-08
9.59854	0.000397945	0.000397684	0.000387911	0.000354632	0.000298194	0.000232877	0.000172867	0.000124581	8.83862e-05	6.22109e-05	4.36097e-05	3.05006e-05	2.12979e-05	1.48489e-05	1.03331e-05	7.17199e-06	4.95943e-06	3.41083e-06	2.32692e-06	1.56825e-06	1.03722e-06	6.65513e-07	4.05331e-07	2.23208e-07	9.57218e-08	4.32286e-08
10.0321	0.000398018	0.000397497	0.000386633	0.000351715	0.000294226	0.000228894	0.000169508	0.000122002	8.65005e-05	6.08645e-05	4.26596e-05	2.98341e-05	2.08319e-05	1.45238e-05	1.01068e-05	7.01496e-06	4.85085e-06	3.33615e-06	2.27598e-06	1.53392e-06	1.01451e-06	6.50945e-07	3.96459e-07	2.18322e-07	9.36265e-08	4.22823e-08
10.4842	0.000398096	0.000397273	0.000385259	0.000348713	0.000290237	0.000224945	0.000166203	0.000119476	8.46566e-05	5.95492e-05	4.17319e-05	2.91835e-05	2.0377e-05	1.42065e-05	9.88603e-06	6.86169e-06	4.74487e-06	3.26327e-06	2.22626e-06	1.50041e-06	9.9235e-07	6.36725e-07	3.87798e-07	2.13552e-07	9.15813e-08	4.13587e-08
10.9558	0.000398178	0.000397007	0.000383787	0.00034563	0.000286233	0.000221032	0.000162952	0.000117001	8.28534e-05	5.82642e-05	4.08259e-05	2.85482e-05	1.9933e-05	1.38968e-05	9.67046e-06	6.71207e-06	4.64141e-06	3.19212e-06	2.17772e-06	1.4677e-06	9.70716e-07	6.22844e-07	3.79344e-07	2.08897e-07	8.95848e-08	4.04571e-08
11.4476	0.00039826	0.000396697	0.000382214	0.000342468	0.000282216	0.000217157	0.000159756	0.000114575	8.10901e-05	5.70087e-05	3.99411e-05	2.79279e-05	1.94994e-05	1.35944e-05	9.46e-06	6.56599e-06	4.5404e-06	3.12265e-06	2.13033e-06	1.43576e-06	9.49593e-07	6.09291e-07	3.7109e-07	2.04352e-07	8.76355e-08	3.95768e-08
11.9605	0.000398341	0.00039634	0.000380541	0.00033923	0.000278191	0.000213321	0.000156613	0.000112199	7.93655e-05	5.57818e-05	3.90769e-05	2.73221e-05	1.9076e-05	1.32991e-05	9.25448e-06	6.42335e-06	4.44176e-06	3.05482e-06	2.08405e-06	1.40457e-06	9.28967e-07	5.96057e-07	3.6303e-07	1.99913e-07	8.57321e-08	3.87172e-08
12.4955	0.000398417	0.000395933	0.000378765	0.00033592	0.000274162	0.000209527	0.000153524	0.000109872	7.76789e-05	5.45829e-05	3.82326e-05	2.67305e-05	1.86625e-05	1.30107e-05	9.05379e-06	6.28405e-06	4.34544e-06	2.98857e-06	2.03886e-06	1.37412e-06	9.08825e-07	5.83133e-07	3.55159e-07	1.95579e-07	8.38733e-08	3.78777e-08
13.0534	0.000398485	0.000395472	0.000376887	0.00033254	0.000270131	0.000205774	0.000150488	0.000107592	7.60294e-05	5.34112e-05	3.74078e-05	2.61525e-05	1.82586e-05	1.27291e-05	8.85778e-06	6.148e-06	4.25137e-06	2.92388e-06	1.99473e-06	1.34437e-06	8.89152e-07	5.70511e-07	3.47471e-07	1.91345e-07	8.20579e-08	3.70579e-08
13.6353	0.000398542	0.000394955	0.000374907	0.000329095	0.000266103	0.000202066	0.000147506	0.000105359	7.44161e-05	5.22661e-05	3.6602e-05	2.5588e-05	1.78641e-05	1.2454e-05	8.66633e-06	6.01512e-06	4.15948e-06	2.86069e-06	1.95162e-06	1.31532e-06	8.69938e-07	5.58183e-07	3.39963e-07	1.87211e-07	8.02847e-08	3.62571e-08
14.2421	0.000398583	0.000394379	0.000372825	0.000325587	0.00026208	0.000198401	0.000144576	0.000103171	7.28382e-05	5.11469e-05	3.58147e-05	2.50365e-05	1.74788e-05	1.21853e-05	8.47932e-06	5.88532e-06	4.06973e-06	2.79896e-06	1.90951e-06	1.28694e-06	8.5117e-07	5.4614e-07	3.32628e-07	1.83172e-07	7.85527e-08	3.54749e-08
14.875	0.000398604	0.00039374	0.000370643	0.00032202	0.000258065	0.000194783	0.000141699	0.000101029	7.12951e-05	5.00531e-05	3.50455e-05	2.44978e-05	1.71024e-05	1.19228e-05	8.29664e-06	5.75853e-06	3.98206e-06	2.73867e-06	1.86838e-06	1.25922e-06	8.32836e-07	5.34377e-07	3.25464e-07	1.79226e-07	7.68608e-08	3.47109e-08
15.5351	0.000398598	0.000393036	0.00036836	0.000318399	0.00025406	0.00019121	0.000138873	9.89313e-05	6.97858e-05	4.89839e-05	3.42938e-05	2.39714e-05	1.67346e-05	1.16663e-05	8.11819e-06	5.63467e-06	3.89641e-06	2.67977e-06	1.8282e-06	1.23214e-06	8.14925e-07	5.22885e-07	3.18465e-07	1.75372e-07	7.52079e-08	3.39644e-08
16.2235	0.000398561	0.000392263	0.000365981	0.000314726	0.000250069	0.000187684	0.000136099	9.68769e-05	6.83097e-05	4.79389e-05	3.35593e-05	2.34571e-05	1.63754e-05	1.14158e-05	7.94384e-06	5.51366e-06	3.81274e-06	2.62222e-06	1.78894e-06	1.20568e-06	7.97427e-07	5.11658e-07	3.11627e-07	1.71607e-07	7.35931e-08	3.32352e-08
16.9414	0.000398487	0.000391418	0.000363505	0.000311005	0.000246094	0.000184205	0.000133376	9.48651e-05	6.6866e-05	4.69173e-05	3.28415e-05	2.29546e-05	1.60243e-05	1.1171e-05	7.7735e-06	5.39544e-06	3.73099e-06	2.566e-06	1.75059e-06	1.17984e-06	7.80331e-07	5.00689e-07	3.04946e-07	1.67928e-07	7.20154e-08	3.25227e-08
17.6902	0.00039837	0.000390499	0.000360936	0.000307241	0.000242137	0.000180774	0.000130703	9.2895e-05	6.54538e-05	4.59187e-05	3.214e-05	2.24635e-05	1.56813e-05	1.09318e-05	7.60705e-06	5.27991e-06	3.6511e-06	2.51106e-06	1.71311e-06	1.15458e-06	7.63626e-07	4.8997e-07	2.98418e-07	1.64333e-07	7.04738e-08	3.18264e-08
18.4711	0.000398201	0.000389503	0.000358276	0.000303437	0.0002382	0.00017739	0.000128079	9.09658e-05	6.40725e-05	4.49424e-05	3.14544e-05	2.19836e-05	1.53461e-05	1.06981e-05	7.4444e-06	5.16702e-06	3.57304e-06	2.45738e-06	1.67648e-06	1.12989e-06	7.47301e-07	4.79496e-07	2.92039e-07	1.6082e-07	6.89673e-08	3.11461e-08
19.2856	0.000397976	0.000388426	0.000355529	0.000299598	0.000234285	0.000174054	0.000125503	8.90765e-05	6.27212e-05	4.39879e-05	3.07841e-05	2.15145e-05	1.50184e-05	1.04696e-05	7.28543e-06	5.05669e-06	3.49675e-06	2.40491e-06	1.64069e-06	1.10577e-06	7.31347e-07	4.69259e-07	2.85804e-07	1.57387e-07	6.74949e-08	3.04812e-08
20.135	0.000397686	0.000387266	0.000352698	0.000295728	0.000230394	0.000170766	0.000122975	8.72262e-05	6.13993e-05	4.30544e-05	3.01289e-05	2.1056e-05	1.46982e-05	1.02464e-05	7.13004e-06	4.94884e-06	3.42217e-06	2.35362e-06	1.6057e-06	1.08219e-06	7.15751e-07	4.59253e-07	2.7971e-07	1.54031e-07	6.60557e-08	2.98312e-08
21.0209	0.000397323	0.000386019	0.000349785	0.000291831	0.000226529	0.000167525	0.000120495	8.5414e-05	6.01057e-05	4.21415e-05	2.94882e-05	2.06077e-05	1.43851e-05	1.00281e-05	6.97814e-06	4.84341e-06	3.34927e-06	2.30348e-06	1.5715e-06	1.05914e-06	7.00505e-07	4.4947e-07	2.73752e-07	1.5075e-07	6.46487e-08	2.91958e-08
21.9448	0.00039688	0.000384683	0.000346796	0.000287912	0.000222692	0.000164332	0.00011806	8.36389e-05	5.884e-05	4.12486e-05	2.88617e-05	2.01693e-05	1.4079e-05	9.81462e-06	6.82961e-06	4.74032e-06	3.27799e-06	2.25446e-06	1.53805e-06	1.0366e-06	6.85598e-07	4.39905e-07	2.67926e-07	1.47542e-07	6.3273e-08	2.85745e-08
22.9084	0.00039635	0.000383254	0.000343733	0.000283975	0.000218885	0.000161186	0.00011567	8.19001e-05	5.76012e-05	4.03751e-05	2.82489e-05	1.97406e-05	1.37796e-05	9.60589e-06	6.68436e-06	4.63951e-06	3.20828e-06	2.20652e-06	1.50535e-06	1.01456e-06	6.7102e-07	4.30552e-07	2.62229e-07	1.44405e-07	6.19277e-08	2.7967e-08
23.9133	0.000395723	0.000381729	0.0003406	0.000280024	0.00021511	0.000158088	0.000113325	8.01967e-05	5.63887e-05	3.95205e-05	2.76495e-05	1.93213e-05	1.34868e-05	9.40174e-06	6.54231e-06	4.54091e-06	3.1401e-06	2.15963e-06	1.47336e-06	9.93e-07	6.56762e-07	4.21403e-07	2.56658e-07	1.41336e-07	6.06119e-08	2.73727e-08
24.9614	0.000394993	0.000380105	0.0003374	0.000276065	0.000211368	0.000155037	0.000111024	7.85279e-05	5.52018e-05	3.86843e-05	2.70631e-05	1.89111e-05	1.32003e-05	9.20204e-06	6.40334e-06	4.44447e-06	3.07341e-06	2.11377e-06	1.44207e-06	9.71912e-07	6.42815e-07	4.12454e-07	2.51207e-07	1.38335e-07	5.93247e-08	2.67915e-08
26.0545	0.00039415	0.00037838	0.000334139	0.0002721	0.000207662	0.000152033	0.000108766	7.6893e-05	5.40399e-05	3.78659e-05	2.64893e-05	1.85098e-05	1.29201e-05	9.00667e-06	6.26739e-06	4.35011e-06	3.00816e-06	2.06889e-06	1.41146e-06	9.51281e-07	6.2917e-07	4.037e-07	2.45875e-07	1.35399e-07	5.80655e-08	2.62228e-08
27.1945	0.000393187	0.000376548	0.000330816	0.000268133	0.000203991	0.000149075	0.000106548	7.52902e-05	5.29016e-05	3.70645e-05	2.59275e-05	1.81168e-05	1.26457e-05	8.8154e-06	6.13429e-06	4.25773e-06	2.94428e-06	2.02496e-06	1.38149e-06	9.31082e-07	6.15811e-07	3.95128e-07	2.40655e-07	1.32524e-07	5.68326e-08	2.5666e-08
28.3835	0.000392095	0.000374608	0.00032744	0.000264172	0.000200361	0.000146167	0.000104375	7.37211e-05	5.17881e-05	3.62808e-05	2.53781e-05	1.77327e-05	1.23775e-05	8.6284e-06	6.00417e-06	4.16741e-06	2.88183e-06	1.98201e-06	1.35219e-06	9.11335e-07	6.02751e-07	3.86748e-07	2.35551e-07	1.29713e-07	5.56273e-08	2.51217e-08
29.6235	0.000390868	0.000372557	0.000324011	0.000260218	0.000196773	0.000143306	0.000102242	7.2184e-05	5.0698e-05	3.55138e-05	2.48406e-05	1.73568e-05	1.2115e-05	8.44542e-06	5.87685e-06	4.07905e-06	2.82073e-06	1.93999e-06	1.32352e-06	8.92013e-07	5.89971e-07	3.78548e-07	2.30557e-07	1.26963e-07	5.4448e-08	2.45891e-08
30.9167	0.000389498	0.000370391	0.000320533	0.000256275	0.000193227	0.000140494	0.000100151	7.06785e-05	4.96309e-05	3.47632e-05	2.43146e-05	1.6989e-05	1.18583e-05	8.2664e-06	5.75228e-06	3.99259e-06	2.76094e-06	1.89887e-06	1.29547e-06	8.73108e-07	5.77468e-07	3.70526e-07	2.25671e-07	1.24273e-07	5.32941e-08	2.4068e-08
32.2655	0.000387976	0.000368107	0.000317008	0.000252348	0.000189725	0.000137729	9.81009e-05	6.92041e-05	4.85865e-05	3.40287e-05	2.38e-05	1.66292e-05	1.1607e-05	8.09127e-06	5.63041e-06	3.90801e-06	2.70245e-06	1.85865e-06	1.26803e-06	8.54614e-07	5.65237e-07	3.62678e-07	2.20891e-07	1.21641e-07	5.21653e-08	2.35582e-08
33.6721	0.000386297	0.000365702	0.000313439	0.000248438	0.000186269	0.000135013	9.60912e-05	6.77605e-05	4.75644e-05	3.33102e-05	2.32966e-05	1.62772e-05	1.13613e-05	7.91997e-06	5.51121e-06	3.82527e-06	2.64525e-06	1.8193e-06	1.24118e-06	8.36524e-07	5.53272e-07	3.55001e-07	2.16215e-07	1.19066e-07	5.10611e-08	2.30596e-08
35.1392	0.000384452	0.000363173	0.000309826	0.000244548	0.00018286	0.000132346	9.41218e-05	6.63475e-05	4.65645e-05	3.26073e-05	2.28043e-05	1.5933e-05	1.1121e-05	7.75244e-06	5.39463e-06	3.74436e-06	2.5893e-06	1.78082e-06	1.21493e-06	8.18833e-07	5.41571e-07	3.47493e-07	2.11643e-07	1.16548e-07	4.99813e-08	2.25719e-08
36.6692	0.000382438	0.000360516	0.000306173	0.000240681	0.000179499	0.000129727	9.21925e-05	6.49646e-05	4.55864e-05	3.192e-05	2.23228e-05	1.55964e-05	1.0886e-05	7.58863e-06	5.28065e-06	3.66525e-06	2.53459e-06	1.7432e-06	1.18927e-06	8.01534e-07	5.3013e-07	3.40152e-07	2.07172e-07	1.14086e-07	4.89255e-08	2.20951e-08
38.2649	0.000380246	0.000357729	0.00030248	0.00023684	0.000176188	0.000127158	9.03031e-05	6.36116e-05	4.46299e-05	3.1248e-05	2.18522e-05	1.52674e-05	1.06563e-05	7.4285e-06	5.16922e-06	3.58791e-06	2.48111e-06	1.70642e-06	1.16418e-06	7.84624e-07	5.18946e-07	3.32976e-07	2.02801e-07	1.11679e-07	4.78933e-08	2.1629e-08
39.9291	0.000377872	0.000354808	0.000298747	0.000233024	0.000172926	0.000124637	8.84533e-05	6.22883e-05	4.36947e-05	3.05911e-05	2.13922e-05	1.49458e-05	1.04318e-05	7.272e-06	5.06032e-06	3.51233e-06	2.42885e-06	1.67048e-06	1.13965e-06	7.68097e-07	5.08015e-07	3.25963e-07	1.98529e-07	1.09327e-07	4.68845e-08	2.11734e-08
41.6648	0.000375311	0.000351752	0.000294976	0.000229236	0.000169714	0.000122165	8.66426e-05	6.09941e-05	4.27806e-05	2.99491e-05	2.09426e-05	1.46315e-05	1.02124e-05	7.11906e-06	4.9539e-06	3.43847e-06	2.37777e-06	1.63535e-06	1.11569e-06	7.51946e-07	4.97334e-07	3.19109e-07	1.94355e-07	1.07028e-07	4.58988e-08	2.07282e-08
43.475	0.000372559	0.000348557	0.000291166	0.000225475	0.000166552	0.000119741	8.48704e-05	5.97286e-05	4.18871e-05	2.93217e-05	2.05034e-05	1.43245e-05	9.99811e-06	6.96964e-06	4.84993e-06	3.3663e-06	2.32787e-06	1.60103e-06	1.09228e-06	7.36167e-07	4.86897e-07	3.12413e-07	1.90277e-07	1.04782e-07	4.49356e-08	2.02933e-08
45.3629	0.000369612	0.000345222	0.000287316	0.000221742	0.000163439	0.000117364	8.31361e-05	5.84913e-05	4.10139e-05	2.87087e-05	2.00742e-05	1.40245e-05	9.78869e-06	6.82366e-06	4.74835e-06	3.2958e-06	2.27912e-06	1.5675e-06	1.0694e-06	7.2075e-07	4.76701e-07	3.0587e-07	1.86292e-07	1.02588e-07	4.39946e-08	1.98683e-08
47.3318	0.000366467	0.000341743	0.000283426	0.000218035	0.000160374	0.000115033	8.14388e-05	5.72814e-05	4.01604e-05	2.81097e-05	1.96548e-05	1.37314e-05	9.58409e-06	6.68103e-06	4.6491e-06	3.22691e-06	2.23148e-06	1.53474e-06	1.04705e-06	7.05687e-07	4.66739e-07	2.99478e-07	1.82399e-07	1.00444e-07	4.30752e-08	1.94531e-08
49.3853	0.00036312	0.000338119	0.000279495	0.000214354	0.000157356	0.000112747	7.97774e-05	5.60982e-05	3.93261e-05	2.75242e-05	1.9245e-05	1.3445e-05	9.38414e-06	6.54164e-06	4.55211e-06	3.15959e-06	2.18494e-06	1.50273e-06	1.02521e-06	6.90968e-07	4.57003e-07	2.93232e-07	1.78595e-07	9.83489e-08	4.21768e-08	1.90473e-08
51.5269	0.000359571	0.000334349	0.00027552	0.000210696	0.000154383	0.000110504	7.81505e-05	5.49407e-05	3.85102e-05	2.69518e-05	1.88444e-05	1.3165e-05	9.18868e-06	6.40539e-06	4.45729e-06	3.09379e-06	2.13943e-06	1.47143e-06	1.00386e-06	6.76578e-07	4.47486e-07	2.87125e-07	1.74875e-07	9.63008e-08	4.12985e-08	1.86507e-08
53.7605	0.000355818	0.00033043	0.0002715	0.00020706	0.000151453	0.000108303	7.65566e-05	5.38077e-05	3.7712e-05	2.63919e-05	1.84525e-05	1.28911e-05	8.99751e-06	6.27212e-06	4.36456e-06	3.02943e-06	2.09493e-06	1.44082e-06	9.82981e-07	6.62505e-07	4.38178e-07	2.81153e-07	1.71238e-07	9.42977e-08	4.04394e-08	1.82627e-08
56.09	0.000351859	0.000326361	0.000267433	0.000203442	0.000148562	0.00010614	7.49938e-05	5.26978e-05	3.69304e-05	2.58438e-05	1.80689e-05	1.2623e-05	8.8104e-06	6.14169e-06	4.2738e-06	2.96643e-06	2.05137e-06	1.41087e-06	9.62543e-07	6.4873e-07	4.29068e-07	2.75307e-07	1.67678e-07	9.23372e-08	3.95987e-08	1.78831e-08
58.5194	0.000347695	0.000322141	0.000263314	0.000199838	0.000145707	0.000104013	7.346e-05	5.16096e-05	3.61644e-05	2.53067e-05	1.76931e-05	1.23604e-05	8.62707e-06	6.0139e-06	4.18488e-06	2.90472e-06	2.00869e-06	1.38151e-06	9.42518e-07	6.35235e-07	4.20142e-07	2.6958e-07	1.6419e-07	9.04164e-08	3.87749e-08	1.7511e-08
61.0532	0.000343327	0.000317771	0.000259144	0.000196246	0.000142885	0.000101919	7.19532e-05	5.05415e-05	3.54129e-05	2.47798e-05	1.73245e-05	1.21028e-05	8.4473e-06	5.88858e-06	4.09768e-06	2.84419e-06	1.96683e-06	1.35273e-06	9.22881e-07	6.22e-07	4.11389e-07	2.63964e-07	1.60769e-07	8.85327e-08	3.79671e-08	1.71462e-08
63.6958	0.000338756	0.000313249	0.000254919	0.000192661	0.000140092	9.98555e-05	7.04707e-05	4.94917e-05	3.46746e-05	2.42624e-05	1.69625e-05	1.18499e-05	8.27074e-06	5.7655e-06	4.01204e-06	2.78475e-06	1.92573e-06	1.32446e-06	9.03597e-07	6.09003e-07	4.02792e-07	2.58448e-07	1.5741e-07	8.66827e-08	3.71738e-08	1.6788e-08
66.4518	0.000333984	0.000308576	0.000250636	0.000189079	0.000137323	9.78179e-05	6.90101e-05	4.84583e-05	3.39482e-05	2.37534e-05	1.66064e-05	1.16011e-05	8.09708e-06	5.64445e-06	3.92781e-06	2.72629e-06	1.88531e-06	1.29666e-06	8.84628e-07	5.96219e-07	3.94337e-07	2.53023e-07	1.54105e-07	8.48632e-08	3.63935e-08	1.64356e-08
69.3261	0.000329012	0.000303752	0.000246291	0.000185495	0.000134574	9.58029e-05	6.75684e-05	4.74393e-05	3.32322e-05	2.32517e-05	1.62555e-05	1.13559e-05	7.92597e-06	5.52518e-06	3.84481e-06	2.66869e-06	1.84547e-06	1.26926e-06	8.65938e-07	5.83622e-07	3.86006e-07	2.47678e-07	1.5085e-07	8.30703e-08	3.56246e-08	1.60883e-08
72.3238	0.000323844	0.000298778	0.000241883	0.000181905	0.000131841	9.38066e-05	6.61428e-05	4.64325e-05	3.2525e-05	2.27564e-05	1.59091e-05	1.11139e-05	7.75706e-06	5.40743e-06	3.76288e-06	2.61182e-06	1.80615e-06	1.24222e-06	8.47488e-07	5.71187e-07	3.77782e-07	2.42401e-07	1.47636e-07	8.13004e-08	3.48656e-08	1.57456e-08
75.4502	0.000318482	0.000293655	0.000237407	0.000178302	0.000129118	9.18252e-05	6.47302e-05	4.54358e-05	3.18253e-05	2.22664e-05	1.55665e-05	1.08745e-05	7.58996e-06	5.29096e-06	3.68183e-06	2.55557e-06	1.76725e-06	1.21547e-06	8.29237e-07	5.58887e-07	3.69646e-07	2.37181e-07	1.44456e-07	7.95497e-08	3.41148e-08	1.54065e-08
78.7108	0.000312933	0.000288384	0.000232862	0.000174684	0.0001264	8.98545e-05	6.33278e-05	4.44471e-05	3.11315e-05	2.17806e-05	1.52267e-05	1.06372e-05	7.42432e-06	5.1755e-06	3.60149e-06	2.49981e-06	1.72869e-06	1.18895e-06	8.11145e-07	5.46693e-07	3.61582e-07	2.32006e-07	1.41305e-07	7.78142e-08	3.33705e-08	1.50704e-08
82.1114	0.000307198	0.000282968	0.000228245	0.000171045	0.000123683	8.78908e-05	6.19326e-05	4.34642e-05	3.04419e-05	2.12979e-05	1.48892e-05	1.04014e-05	7.25976e-06	5.06079e-06	3.52168e-06	2.44441e-06	1.69038e-06	1.1626e-06	7.93171e-07	5.34579e-07	3.5357e-07	2.26865e-07	1.38174e-07	7.609e-08	3.26311e-08	1.47364e-08
85.658	0.000301285	0.000277409	0.000223554	0.000167381	0.000120963	8.59302e-05	6.05416e-05	4.24851e-05	2.97553e-05	2.08173e-05	1.45532e-05	1.01666e-05	7.09593e-06	4.94659e-06	3.44221e-06	2.38926e-06	1.65225e-06	1.13637e-06	7.75276e-07	5.22519e-07	3.45593e-07	2.21747e-07	1.35057e-07	7.43734e-08	3.18949e-08	1.4404e-08
89.3569	0.000295197	0.000271711	0.000218788	0.000163687	0.000118234	8.39691e-05	5.91522e-05	4.15076e-05	2.907e-05	2.03377e-05	1.42179e-05	9.93244e-06	6.93248e-06	4.83266e-06	3.36294e-06	2.33423e-06	1.6142e-06	1.1102e-06	7.57424e-07	5.10487e-07	3.37635e-07	2.16641e-07	1.31947e-07	7.26608e-08	3.11605e-08	1.40723e-08
93.2146	0.000288942	0.000265876	0.000213946	0.000159961	0.000115493	8.20041e-05	5.77617e-05	4.053e-05	2.83849e-05	1.98583e-05	1.38827e-05	9.69832e-06	6.76908e-06	4.71877e-06	3.28369e-06	2.27923e-06	1.57616e-06	1.08404e-06	7.39577e-07	4.98459e-07	3.2968e-07	2.11536e-07	1.28838e-07	7.09488e-08	3.04263e-08	1.37408e-08
97.2378	0.000282524	0.000259906	0.000209025	0.000156197	0.000112737	8.00319e-05	5.63676e-05	3.95504e-05	2.76985e-05	1.9378e-05	1.3547e-05	9.46382e-06	6.60543e-06	4.60469e-06	3.20431e-06	2.22413e-06	1.53806e-06	1.05784e-06	7.21701e-07	4.86411e-07	3.21712e-07	2.06424e-07	1.25724e-07	6.9234e-08	2.96909e-08	1.34087e-08
101.434	0.000275953	0.00025381	0.000204028	0.000152396	0.000109961	7.805e-05	5.49681e-05	3.85674e-05	2.70098e-05	1.88962e-05	1.32103e-05	9.22859e-06	6.44127e-06	4.49026e-06	3.12469e-06	2.16887e-06	1.49985e-06	1.03156e-06	7.0377e-07	4.74326e-07	3.13719e-07	2.01295e-07	1.226e-07	6.7514e-08	2.89533e-08	1.30755e-08
105.81	0.000269234	0.000247591	0.000198954	0.000148553	0.000107165	7.6056e-05	5.35611e-05	3.75795e-05	2.63179e-05	1.84122e-05	1.28719e-05	8.99228e-06	6.27635e-06	4.37531e-06	3.0447e-06	2.11335e-06	1.46146e-06	1.00516e-06	6.85757e-07	4.62186e-07	3.05689e-07	1.96143e-07	1.19463e-07	6.5786e-08	2.82123e-08	1.27409e-08
110.374	0.000262377	0.000241254	0.000193806	0.000144669	0.000104344	7.4048e-05	5.21452e-05	3.65858e-05	2.5622e-05	1.79254e-05	1.25317e-05	8.75461e-06	6.11049e-06	4.25969e-06	2.96425e-06	2.05752e-06	1.42284e-06	9.786e-07	6.67641e-07	4.49976e-07	2.97614e-07	1.90962e-07	1.16307e-07	6.40481e-08	2.7467e-08	1.24043e-08
115.134	0.000255388	0.000234805	0.000188583	0.000140741	0.000101498	7.20243e-05	5.07191e-05	3.55851e-05	2.49213e-05	1.74353e-05	1.21891e-05	8.51535e-06	5.94351e-06	4.1433e-06	2.88326e-06	2.0013e-06	1.38397e-06	9.51866e-07	6.49402e-07	4.37684e-07	2.89484e-07	1.85745e-07	1.13129e-07	6.22985e-08	2.67166e-08	1.20654e-08
120.098	0.000248277	0.000228251	0.00018329	0.000136771	9.86266e-05	6.9984e-05	4.92819e-05	3.45769e-05	2.42155e-05	1.69416e-05	1.18441e-05	8.27433e-06	5.7753e-06	4.02606e-06	2.80168e-06	1.94468e-06	1.34482e-06	9.24935e-07	6.31029e-07	4.25301e-07	2.81294e-07	1.8049e-07	1.09929e-07	6.0536e-08	2.59608e-08	1.17241e-08
125.276	0.000241053	0.0002216	0.00017793	0.000132758	9.57284e-05	6.79265e-05	4.78332e-05	3.35608e-05	2.35041e-05	1.64441e-05	1.14963e-05	8.03143e-06	5.60579e-06	3.9079e-06	2.71946e-06	1.88761e-06	1.30535e-06	8.97795e-07	6.12513e-07	4.12822e-07	2.7304e-07	1.75194e-07	1.06703e-07	5.87598e-08	2.51991e-08	1.13801e-08
130.675	0.000233727	0.000214858	0.000172507	0.000128706	9.28042e-05	6.58518e-05	4.63728e-05	3.25367e-05	2.27871e-05	1.59427e-05	1.11458e-05	7.78663e-06	5.43495e-06	3.78881e-06	2.63659e-06	1.8301e-06	1.26558e-06	8.7044e-07	5.93851e-07	4.00244e-07	2.64721e-07	1.69857e-07	1.03452e-07	5.69696e-08	2.44313e-08	1.10334e-08
136.307	0.000226308	0.000208036	0.000167025	0.000124615	8.9855e-05	6.37602e-05	4.49009e-05	3.15045e-05	2.20646e-05	1.54373e-05	1.07926e-05	7.53993e-06	5.26278e-06	3.6688e-06	2.55308e-06	1.77213e-06	1.2255e-06	8.42874e-07	5.75044e-07	3.87569e-07	2.56338e-07	1.64478e-07	1.00176e-07	5.51655e-08	2.36576e-08	1.0684e-08
142.18	0.000218806	0.000201141	0.000161491	0.000120488	8.68821e-05	6.16527e-05	4.34179e-05	3.04647e-05	2.13367e-05	1.49282e-05	1.04368e-05	7.29139e-06	5.08933e-06	3.5479e-06	2.46895e-06	1.71374e-06	1.18512e-06	8.15102e-07	5.56097e-07	3.74799e-07	2.47892e-07	1.59058e-07	9.68757e-08	5.33479e-08	2.28782e-08	1.0332e-08
148.305	0.000211236	0.000194184	0.000155912	0.000116331	8.38885e-05	5.95308e-05	4.1925e-05	2.94179e-05	2.06039e-05	1.44158e-05	1.00786e-05	7.0412e-06	4.91472e-06	3.42618e-06	2.38426e-06	1.65496e-06	1.14447e-06	7.87143e-07	5.37023e-07	3.61943e-07	2.3939e-07	1.53603e-07	9.3553e-08	5.15181e-08	2.20935e-08	9.97759e-09
154.694	0.000203608	0.000187177	0.000150294	0.000112147	8.08767e-05	5.73964e-05	4.04234e-05	2.8365e-05	1.98669e-05	1.39003e-05	9.71833e-06	6.78953e-06	4.73908e-06	3.30375e-06	2.29906e-06	1.59582e-06	1.10358e-06	7.5902e-07	5.17836e-07	3.49012e-07	2.30837e-07	1.48115e-07	9.02106e-08	4.96775e-08	2.13041e-08	9.62112e-09
161.357	0.000195935	0.000180129	0.000144647	0.000107943	7.78501e-05	5.52517e-05	3.89146e-05	2.73071e-05	1.91263e-05	1.33823e-05	9.35629e-06	6.53664e-06	4.56258e-06	3.18072e-06	2.21345e-06	1.5364e-06	1.06249e-06	7.30759e-07	4.98556e-07	3.36017e-07	2.22242e-07	1.426e-07	8.68519e-08	4.78279e-08	2.0511e-08	9.26291e-09
168.305	0.000188231	0.000173053	0.000138978	0.000103722	7.48129e-05	5.30995e-05	3.74004e-05	2.62454e-05	1.83831e-05	1.28625e-05	8.99294e-06	6.28283e-06	4.38545e-06	3.05724e-06	2.12753e-06	1.47676e-06	1.02125e-06	7.02394e-07	4.79205e-07	3.22975e-07	2.13616e-07	1.37065e-07	8.34809e-08	4.59716e-08	1.97149e-08	8.90339e-09
175.552	0.00018051	0.000165962	0.000133296	9.94936e-05	7.17694e-05	5.09428e-05	3.5883e-05	2.51814e-05	1.76382e-05	1.23415e-05	8.62877e-06	6.02846e-06	4.20791e-06	2.93349e-06	2.04142e-06	1.41699e-06	9.79911e-07	6.73966e-07	4.5981e-07	3.09904e-07	2.04971e-07	1.31518e-07	8.01022e-08	4.4111e-08	1.8917e-08	8.54305e-09
183.11	0.000172787	0.000158868	0.000127613	9.52631e-05	6.87245e-05	4.87849e-05	3.43648e-05	2.41168e-05	1.68929e-05	1.18202e-05	8.26436e-06	5.77391e-06	4.03025e-06	2.80964e-06	1.95524e-06	1.35718e-06	9.38547e-07	6.45517e-07	4.40401e-07	2.96822e-07	1.96319e-07	1.25967e-07	7.67211e-08	4.22491e-08	1.81185e-08	8.18245e-09
190.993	0.000165076	0.000151786	0.000121938	9.10386e-05	6.56836e-05	4.66298e-05	3.28483e-05	2.30533e-05	1.61484e-05	1.12994e-05	7.90033e-06	5.51961e-06	3.85277e-06	2.68592e-06	1.86915e-06	1.29742e-06	8.97224e-07	6.17096e-07	4.21011e-07	2.83754e-07	1.87675e-07	1.20421e-07	7.33434e-08	4.0389e-08	1.73208e-08	7.8222e-09
199.214	0.000157392	0.000144728	0.000116283	8.68276e-05	6.26521e-05	4.44811e-05	3.13363e-05	2.19929e-05	1.54059e-05	1.07801e-05	7.5373e-06	5.26602e-06	3.67578e-06	2.56254e-06	1.78329e-06	1.23783e-06	8.56014e-07	5.88753e-07	4.01674e-07	2.70722e-07	1.79056e-07	1.1489e-07	6.99748e-08	3.8534e-08	1.65253e-08	7.46294e-09
207.788	0.000149754	0.000137711	0.000110659	8.26397e-05	5.96366e-05	4.23434e-05	2.98319e-05	2.09378e-05	1.46672e-05	1.02633e-05	7.17605e-06	5.01367e-06	3.49965e-06	2.43976e-06	1.69785e-06	1.17852e-06	8.15003e-07	5.60547e-07	3.82431e-07	2.57752e-07	1.70478e-07	1.09386e-07	6.66226e-08	3.6688e-08	1.57336e-08	7.10542e-09
216.73	0.000142176	0.00013075	0.000105079	7.84831e-05	5.66432e-05	4.02211e-05	2.83382e-05	1.98901e-05	1.39336e-05	9.75009e-06	6.81731e-06	4.76306e-06	3.32473e-06	2.31783e-06	1.613e-06	1.11963e-06	7.74276e-07	5.32536e-07	3.63321e-07	2.44872e-07	1.61959e-07	1.0392e-07	6.32934e-08	3.48547e-08	1.49474e-08	6.75037e-09
226.056	0.000134677	0.00012386	9.95543e-05	7.43669e-05	5.36783e-05	3.81187e-05	2.68583e-05	1.88521e-05	1.32067e-05	9.24161e-06	6.46184e-06	4.51473e-06	3.15141e-06	2.19701e-06	1.52892e-06	1.06127e-06	7.33919e-07	5.04779e-07	3.44384e-07	2.32109e-07	1.53518e-07	9.85037e-08	5.99946e-08	3.30381e-08	1.41683e-08	6.39854e-09
235.782	0.000127272	0.000117056	9.40976e-05	7.03003e-05	5.07485e-05	3.6041e-05	2.53956e-05	1.7826e-05	1.24882e-05	8.73896e-06	6.11045e-06	4.26925e-06	2.98008e-06	2.07757e-06	1.44581e-06	1.00358e-06	6.94023e-07	4.77339e-07	3.25664e-07	2.19492e-07	1.45173e-07	9.31492e-08	5.67334e-08	3.12422e-08	1.33982e-08	6.05073e-09
245.926	0.000119979	0.000110354	8.87213e-05	6.62927e-05	4.78607e-05	3.39926e-05	2.39535e-05	1.68144e-05	1.17797e-05	8.24331e-06	5.76394e-06	4.02718e-06	2.81111e-06	1.95978e-06	1.36384e-06	9.46684e-07	6.54679e-07	4.5028e-07	3.07202e-07	2.0705e-07	1.36943e-07	8.78689e-08	5.35173e-08	2.94711e-08	1.26387e-08	5.70773e-09
256.505	0.000112814	0.00010377	8.3438e-05	6.23533e-05	4.50214e-05	3.19785e-05	2.25354e-05	1.58194e-05	1.10829e-05	7.75581e-06	5.42312e-06	3.78908e-06	2.64493e-06	1.84393e-06	1.28322e-06	8.90724e-07	6.15981e-07	4.23664e-07	2.89044e-07	1.94811e-07	1.28849e-07	8.26751e-08	5.0354e-08	2.77292e-08	1.18916e-08	5.37036e-09
267.539	0.000105794	9.73173e-05	7.82593e-05	5.84911e-05	4.22372e-05	3.00031e-05	2.11444e-05	1.48434e-05	1.03994e-05	7.27759e-06	5.08879e-06	3.55551e-06	2.4819e-06	1.73028e-06	1.20413e-06	8.35826e-07	5.78017e-07	3.97553e-07	2.7123e-07	1.82805e-07	1.20908e-07	7.75798e-08	4.72507e-08	2.60202e-08	1.11588e-08	5.03938e-09
279.046	9.89363e-05	9.10138e-05	7.31991e-05	5.47161e-05	3.95152e-05	2.80716e-05	1.97841e-05	1.3889e-05	9.73091e-06	6.80987e-06	4.76178e-06	3.32706e-06	2.32244e-06	1.61911e-06	1.12677e-06	7.8213e-07	5.40884e-07	3.72014e-07	2.53806e-07	1.71061e-07	1.13141e-07	7.25961e-08	4.42153e-08	2.43487e-08	1.04419e-08	4.71565e-09
291.047	9.22563e-05	8.48729e-05	6.82682e-05	5.10367e-05	3.68617e-05	2.61883e-05	1.84577e-05	1.29582e-05	9.079e-06	6.35375e-06	4.44288e-06	3.10426e-06	2.16692e-06	1.5107e-06	1.05133e-06	7.29763e-07	5.0467e-07	3.47106e-07	2.36813e-07	1.59608e-07	1.05566e-07	6.77356e-08	4.1255e-08	2.27185e-08	9.74281e-09	4.39993e-09
303.564	8.57692e-05	7.89087e-05	6.34781e-05	4.74615e-05	3.42828e-05	2.43578e-05	1.71684e-05	1.20534e-05	8.44522e-06	5.91029e-06	4.13283e-06	2.88765e-06	2.01572e-06	1.40529e-06	9.77974e-07	6.78847e-07	4.69459e-07	3.22889e-07	2.20291e-07	1.48473e-07	9.82005e-08	6.30099e-08	3.83768e-08	2.11335e-08	9.06308e-09	4.09296e-09
316.618	7.94893e-05	7.31345e-05	5.88396e-05	4.39986e-05	3.17844e-05	2.25843e-05	1.5919e-05	1.11766e-05	7.83104e-06	5.48053e-06	3.83235e-06	2.67771e-06	1.86919e-06	1.30314e-06	9.06883e-07	6.29501e-07	4.35334e-07	2.99419e-07	2.04278e-07	1.37681e-07	9.10625e-08	5.84298e-08	3.55872e-08	1.95973e-08	8.40431e-09	3.79545e-09
330.232	7.34302e-05	6.75628e-05	5.43627e-05	4.06555e-05	2.93721e-05	2.08715e-05	1.47124e-05	1.03297e-05	7.23781e-06	5.06543e-06	3.54211e-06	2.47494e-06	1.72765e-06	1.20446e-06	8.38215e-07	5.81837e-07	4.02372e-07	2.76748e-07	1.88811e-07	1.27256e-07	8.41676e-08	5.40058e-08	3.28927e-08	1.81135e-08	7.76797e-09	3.50808e-09
344.43	6.7604e-05	6.22048e-05	5.00567e-05	3.74393e-05	2.70509e-05	1.92233e-05	1.35511e-05	9.51465e-06	6.66683e-06	4.66588e-06	3.26275e-06	2.27975e-06	1.5914e-06	1.10948e-06	7.72115e-07	5.35955e-07	3.70643e-07	2.54925e-07	1.73923e-07	1.17221e-07	7.75306e-08	4.97472e-08	3.0299e-08	1.66852e-08	7.15544e-09	3.23145e-09
359.239	6.20218e-05	5.70707e-05	4.59298e-05	3.43563e-05	2.48254e-05	1.76429e-05	1.24375e-05	8.73298e-06	6.11922e-06	4.28268e-06	2.99481e-06	2.09255e-06	1.46073e-06	1.01838e-06	7.08719e-07	4.9195e-07	3.40211e-07	2.33994e-07	1.59643e-07	1.07597e-07	7.1165e-08	4.56627e-08	2.78113e-08	1.53153e-08	6.56795e-09	2.96614e-09
374.683	5.66925e-05	5.21688e-05	4.19887e-05	3.14115e-05	2.26994e-05	1.61329e-05	1.13735e-05	7.98607e-06	5.59596e-06	3.91651e-06	2.73877e-06	1.91366e-06	1.33586e-06	9.31326e-07	6.48135e-07	4.49897e-07	3.11129e-07	2.13992e-07	1.45996e-07	9.83996e-08	6.50819e-08	4.17595e-08	2.5434e-08	1.40061e-08	6.00653e-09	2.7126e-09
390.79	5.16255e-05	4.7508e-05	3.82408e-05	2.86104e-05	2.06768e-05	1.46961e-05	1.0361e-05	7.2753e-06	5.09799e-06	3.56803e-06	2.4951e-06	1.74341e-06	1.21701e-06	8.48474e-07	5.90478e-07	4.09875e-07	2.83452e-07	1.94956e-07	1.33009e-07	8.96463e-08	5.92924e-08	3.80447e-08	2.31715e-08	1.27602e-08	5.47221e-09	2.47129e-09
407.588	4.68267e-05	4.30934e-05	3.46903e-05	2.59564e-05	1.87601e-05	1.33345e-05	9.40132e-06	6.60161e-06	4.62599e-06	3.23771e-06	2.26412e-06	1.58202e-06	1.10436e-06	7.69938e-07	5.35823e-07	3.71937e-07	2.57216e-07	1.76911e-07	1.20698e-07	8.13488e-08	5.38044e-08	3.45234e-08	2.10268e-08	1.15792e-08	4.96571e-09	2.24256e-09
425.108	4.23005e-05	3.89294e-05	3.13408e-05	2.34522e-05	1.69513e-05	1.20494e-05	8.49557e-06	5.96572e-06	4.18046e-06	2.92591e-06	2.0461e-06	1.42969e-06	9.98024e-07	6.95802e-07	4.8423e-07	3.36125e-07	2.3245e-07	1.59877e-07	1.09077e-07	7.35162e-08	4.8624e-08	3.11994e-08	1.90023e-08	1.04643e-08	4.4876e-09	2.02664e-09
443.38	3.80499e-05	3.50187e-05	2.81945e-05	2.10995e-05	1.52518e-05	1.08419e-05	7.64439e-06	5.36812e-06	3.76174e-06	2.63287e-06	1.84119e-06	1.28651e-06	8.98081e-07	6.26126e-07	4.35741e-07	3.02467e-07	2.09173e-07	1.43868e-07	9.81542e-08	6.61547e-08	4.3755e-08	2.80752e-08	1.70995e-08	9.41643e-09	4.03823e-09	1.8237e-09
462.436	3.4076e-05	3.13622e-05	2.52523e-05	1.88992e-05	1.36621e-05	9.71222e-06	6.8481e-06	4.80903e-06	3.37e-06	2.35871e-06	1.64947e-06	1.15256e-06	8.04574e-07	5.60935e-07	3.90373e-07	2.70975e-07	1.87395e-07	1.28889e-07	8.79349e-08	5.9267e-08	3.91995e-08	2.51522e-08	1.53192e-08	8.43605e-09	3.6178e-09	1.63383e-09
482.31	3.03778e-05	2.79593e-05	2.25139e-05	1.68509e-05	1.2182e-05	8.66042e-06	6.10664e-06	4.28842e-06	3.00521e-06	2.10341e-06	1.47094e-06	1.02782e-06	7.17496e-07	5.00227e-07	3.48124e-07	2.41649e-07	1.67114e-07	1.1494e-07	7.84182e-08	5.28529e-08	3.49572e-08	2.24301e-08	1.36613e-08	7.52307e-09	3.22627e-09	1.45701e-09
503.038	2.69529e-05	2.48077e-05	1.99773e-05	1.49533e-05	1.08108e-05	7.68584e-06	5.41958e-06	3.80599e-06	2.66716e-06	1.86682e-06	1.3055e-06	9.12216e-07	6.36798e-07	4.43966e-07	3.08971e-07	2.14471e-07	1.4832e-07	1.02013e-07	6.95988e-08	4.69087e-08	3.10256e-08	1.99075e-08	1.21249e-08	6.67698e-09	2.86342e-09	1.29314e-09
524.655	2.37967e-05	2.19032e-05	1.76393e-05	1.32041e-05	9.5466e-06	6.78733e-06	4.78611e-06	3.36118e-06	2.35547e-06	1.64867e-06	1.15295e-06	8.05624e-07	5.6239e-07	3.9209e-07	2.72869e-07	1.89411e-07	1.30989e-07	9.00936e-08	6.14666e-08	4.14277e-08	2.74005e-08	1.75814e-08	1.07081e-08	5.89681e-09	2.52885e-09	1.14205e-09
547.201	2.09032e-05	1.92403e-05	1.54956e-05	1.16e-05	8.38724e-06	5.96324e-06	4.20509e-06	2.95318e-06	2.06957e-06	1.44857e-06	1.01302e-06	7.0785e-07	4.94137e-07	3.44506e-07	2.39754e-07	1.66424e-07	1.15092e-07	7.91598e-08	5.4007e-08	3.64001e-08	2.40752e-08	1.54478e-08	9.40861e-09	5.18118e-09	2.22195e-09	1.00345e-09
570.714	1.82646e-05	1.6812e-05	1.35405e-05	1.0137e-05	7.32969e-06	5.21149e-06	3.67505e-06	2.58097e-06	1.80875e-06	1.26601e-06	8.85356e-07	6.18647e-07	4.31866e-07	3.01092e-07	2.09541e-07	1.45452e-07	1.00589e-07	6.91845e-08	4.72013e-08	3.18131e-08	2.10414e-08	1.35011e-08	8.22299e-09	4.52828e-09	1.94195e-09	8.77e-10
595.237	1.58719e-05	1.46098e-05	1.17674e-05	8.80992e-06	6.37038e-06	4.52952e-06	3.19419e-06	2.2433e-06	1.57211e-06	1.10039e-06	7.69534e-07	5.37717e-07	3.75371e-07	2.61705e-07	1.8213e-07	1.26425e-07	8.74305e-08	6.01343e-08	4.10268e-08	2.76516e-08	1.82889e-08	1.1735e-08	7.14732e-09	3.93592e-09	1.68792e-09	7.62278e-10
620.813	1.37144e-05	1.26241e-05	1.01684e-05	7.61313e-06	5.50517e-06	3.91443e-06	2.76048e-06	1.93871e-06	1.35867e-06	9.50995e-07	6.65061e-07	4.64717e-07	3.24412e-07	2.26176e-07	1.57405e-07	1.09262e-07	7.55613e-08	5.19707e-08	3.54572e-08	2.38977e-08	1.58061e-08	1.01419e-08	6.17703e-09	3.4016e-09	1.45877e-09	6.58794e-10
647.486	1.17801e-05	1.08437e-05	8.73456e-06	6.53986e-06	4.72924e-06	3.36278e-06	2.37149e-06	1.66554e-06	1.16724e-06	8.17006e-07	5.7136e-07	3.99243e-07	2.78706e-07	1.94311e-07	1.35228e-07	9.38684e-08	6.49158e-08	4.46487e-08	3.04617e-08	2.05309e-08	1.35792e-08	8.71306e-09	5.30678e-09	2.92236e-09	1.25325e-09	5.6598e-10
675.305	1.00576e-05	9.25823e-06	7.45774e-06	5.58402e-06	4.03812e-06	2.8714e-06	2.02498e-06	1.4222e-06	9.96701e-07	6.97642e-07	4.87886e-07	3.40915e-07	2.37988e-07	1.65923e-07	1.15472e-07	8.01548e-08	5.5432e-08	3.81258e-08	2.60115e-08	1.75314e-08	1.15954e-08	7.44014e-09	4.53149e-09	2.49542e-09	1.07016e-09	4.83294e-10
704.318	8.53287e-06	7.8548e-06	6.32742e-06	4.73783e-06	3.42627e-06	2.43637e-06	1.71821e-06	1.20675e-06	8.45714e-07	5.9196e-07	4.1398e-07	2.89273e-07	2.01938e-07	1.40789e-07	9.79806e-08	6.8013e-08	4.70352e-08	3.23506e-08	2.20713e-08	1.48758e-08	9.83893e-09	6.31312e-09	3.84507e-09	2.11742e-09	9.08056e-10	4.10085e-10
734.577	7.19212e-06	6.62066e-06	5.33339e-06	3.99362e-06	2.88814e-06	2.05374e-06	1.44838e-06	1.01725e-06	7.12912e-07	4.99006e-07	3.48974e-07	2.4385e-07	1.70229e-07	1.18682e-07	8.25954e-08	5.73334e-08	3.96496e-08	2.72708e-08	1.86056e-08	1.254e-08	8.294e-09	5.32182e-09	3.24131e-09	1.78494e-09	7.65471e-10	3.45693e-10
766.135	6.02113e-06	5.54276e-06	4.46516e-06	3.34357e-06	2.41808e-06	1.7195e-06	1.21267e-06	8.51706e-07	5.96899e-07	4.17803e-07	2.92186e-07	2.04169e-07	1.42528e-07	9.93694e-08	6.9155e-08	4.80039e-08	3.31977e-08	2.28332e-08	1.5578e-08	1.04994e-08	6.94436e-09	4.45583e-09	2.71387e-09	1.49449e-09	6.4091e-10	2.8944e-10
799.047	5.00559e-06	4.60793e-06	3.71215e-06	2.77976e-06	2.01036e-06	1.42959e-06	1.00822e-06	7.08114e-07	4.96268e-07	3.47367e-07	2.42928e-07	1.69749e-07	1.185e-07	8.26172e-08	5.74965e-08	3.99111e-08	2.7601e-08	1.89839e-08	1.29518e-08	8.72937e-09	5.77365e-09	3.70465e-09	2.25635e-09	1.24254e-09	5.32863e-10	2.40645e-10
833.373	4.13125e-06	3.80308e-06	3.06381e-06	2.29431e-06	1.65929e-06	1.17996e-06	8.3217e-07	5.8447e-07	4.09615e-07	2.86714e-07	2.00511e-07	1.4011e-07	9.78092e-08	6.81919e-08	4.74574e-08	3.29425e-08	2.27818e-08	1.56692e-08	1.06904e-08	7.20519e-09	4.76555e-09	3.0578e-09	1.86238e-09	1.02559e-09	4.39823e-10	1.98628e-10
869.172	3.38415e-06	3.11534e-06	2.50979e-06	1.87946e-06	1.35928e-06	9.66621e-07	6.81718e-07	4.78803e-07	3.35561e-07	2.34879e-07	1.64261e-07	1.1478e-07	8.01267e-08	5.58637e-08	3.88778e-08	2.6987e-08	1.86632e-08	1.28364e-08	8.75771e-09	5.9026e-09	3.90401e-09	2.50499e-09	1.52569e-09	8.40176e-10	3.60309e-10	1.62719e-10
906.508	2.75071e-06	2.53223e-06	2.04005e-06	1.52771e-06	1.1049e-06	7.85726e-07	5.54143e-07	3.89202e-07	2.72766e-07	1.90926e-07	1.33523e-07	9.33011e-08	6.51325e-08	4.54099e-08	3.16026e-08	2.19369e-08	1.51707e-08	1.04344e-08	7.11888e-09	4.79804e-09	3.17345e-09	2.03624e-09	1.24019e-09	6.82954e-10	2.92885e-10	1.32269e-10
945.447	2.21795e-06	2.0418e-06	1.64496e-06	1.23186e-06	8.90932e-07	6.33572e-07	4.46836e-07	3.13836e-07	2.19948e-07	1.53955e-07	1.07667e-07	7.52343e-08	5.25203e-08	3.66168e-08	2.54831e-08	1.76891e-08	1.22331e-08	8.41387e-09	5.74039e-09	3.86896e-09	2.55895e-09	1.64194e-09	1.00004e-09	5.50708e-10	2.36171e-10	1.06657e-10
986.057	1.7736e-06	1.63274e-06	1.31541e-06	9.85078e-07	7.12456e-07	5.06654e-07	3.57327e-07	2.50969e-07	1.75889e-07	1.23116e-07	8.61001e-08	6.01639e-08	4.19998e-08	2.9282e-08	2.03785e-08	1.41457e-08	9.78264e-09	6.72846e-09	4.59052e-09	3.09396e-09	2.04636e-09	1.31304e-09	7.99721e-10	4.40394e-10	1.88863e-10	8.5292e-11
1028.41	1.40614e-06	1.29447e-06	1.04289e-06	7.81002e-07	5.64862e-07	4.01696e-07	2.83304e-07	1.98979e-07	1.39452e-07	9.76116e-08	6.82641e-08	4.77007e-08	3.32994e-08	2.32161e-08	1.6157e-08	1.12154e-08	7.75613e-09	5.33464e-09	3.63958e-09	2.45303e-09	1.62245e-09	1.04104e-09	6.34055e-10	3.49165e-10	1.49739e-10	6.76235e-11
1072.58	1.10497e-06	1.01722e-06	8.19528e-07	6.13732e-07	4.43886e-07	3.15666e-07	2.2263e-07	1.56365e-07	1.09587e-07	7.67068e-08	5.36445e-08	3.7485e-08	2.61679e-08	1.82441e-08	1.26968e-08	8.81347e-09	6.09507e-09	4.19216e-09	2.86012e-09	1.92769e-09	1.27498e-09	8.18089e-10	4.98265e-10	2.74387e-10	1.17671e-10	5.31411e-11
1118.65	8.60378e-07	7.92053e-07	6.38126e-07	4.77885e-07	3.45635e-07	2.45796e-07	1.73353e-07	1.21756e-07	8.53311e-08	5.97287e-08	4.1771e-08	2.91882e-08	2.0376e-08	1.4206e-08	9.88653e-09	6.86273e-09	4.74601e-09	3.26428e-09	2.22707e-09	1.50102e-09	9.92782e-10	6.37016e-10	3.87981e-10	2.13655e-10	9.1626e-11	4.13791e-11
1166.7	6.63615e-07	6.10917e-07	4.92193e-07	3.68599e-07	2.66593e-07	1.89587e-07	1.33711e-07	9.39124e-08	6.58176e-08	4.607e-08	3.22188e-08	2.25135e-08	1.57164e-08	1.09574e-08	7.62569e-09	5.29336e-09	3.66069e-09	2.51781e-09	1.71779e-09	1.15777e-09	7.65754e-10	4.91344e-10	2.99258e-10	1.64797e-10	7.06731e-11	3.19165e-11
1216.81	5.06869e-07	4.66619e-07	3.75938e-07	2.81538e-07	2.03626e-07	1.44808e-07	1.02129e-07	7.17313e-08	5.02722e-08	3.51888e-08	2.46091e-08	1.7196e-08	1.20044e-08	8.36938e-09	5.82459e-09	4.04313e-09	2.79608e-09	1.92313e-09	1.31206e-09	8.84316e-10	5.84891e-10	3.75294e-10	2.28577e-10	1.25874e-10	5.39809e-11	2.43782e-11
1269.07	3.83257e-07	3.52823e-07	2.84258e-07	2.1288e-07	1.53968e-07	1.09494e-07	7.72235e-08	5.42385e-08	3.80125e-08	2.66075e-08	1.86078e-08	1.30025e-08	9.07694e-09	6.32839e-09	4.40418e-09	3.05716e-09	2.11422e-09	1.45415e-09	9.92098e-10	6.68663e-10	4.42257e-10	2.83773e-10	1.72835e-10	9.51776e-11	4.08169e-11	1.84332e-11
1323.57	2.86788e-07	2.64014e-07	2.12708e-07	1.59296e-07	1.15213e-07	8.19338e-08	5.77858e-08	4.05863e-08	2.84445e-08	1.99102e-08	1.39241e-08	9.7297e-09	6.79222e-09	4.73549e-09	3.29562e-09	2.28765e-09	1.58205e-09	1.08813e-09	7.42381e-10	5.00356e-10	3.30938e-10	2.12345e-10	1.29331e-10	7.12208e-11	3.0543e-11	1.37935e-11
1380.42	2.12304e-07	1.95446e-07	1.57464e-07	1.17925e-07	8.5291e-08	6.06546e-08	4.27782e-08	3.00456e-08	2.10572e-08	1.47393e-08	1.03079e-08	7.2028e-09	5.0282e-09	3.50563e-09	2.43971e-09	1.69352e-09	1.17118e-09	8.05531e-10	5.49577e-10	3.70408e-10	2.4499e-10	1.57197e-10	9.57425e-11	5.2724e-11	2.26107e-11	1.02112e-11
1439.7	1.55432e-07	1.43089e-07	1.15283e-07	8.63351e-08	6.24432e-08	4.44065e-08	3.13188e-08	2.1997e-08	1.54164e-08	1.0791e-08	7.54661e-09	5.27333e-09	3.68126e-09	2.56655e-09	1.78617e-09	1.23987e-09	8.57445e-10	5.89747e-10	4.02357e-10	2.71184e-10	1.79363e-10	1.15087e-10	7.00952e-11	3.86004e-11	1.65538e-11	7.47582e-12
1501.53	1.125e-07	1.03567e-07	8.34407e-08	6.24887e-08	4.5196e-08	3.21412e-08	2.26684e-08	1.59213e-08	1.11583e-08	7.81044e-09	5.4622e-09	3.81681e-09	2.66448e-09	1.85766e-09	1.29282e-09	8.97408e-10	6.20614e-10	4.26856e-10	2.91224e-10	1.96282e-10	1.29822e-10	8.32997e-11	5.07346e-11	2.79388e-11	1.19815e-11	5.41096e-12
1566.01	8.04721e-08	7.40821e-08	5.96858e-08	4.46987e-08	3.23291e-08	2.29909e-08	1.62149e-08	1.13887e-08	7.98165e-09	5.58688e-09	3.90716e-09	2.7302e-09	1.90593e-09	1.3288e-09	9.24765e-10	6.41925e-10	4.43932e-10	3.05334e-10	2.08316e-10	1.40402e-10	9.28628e-11	5.95851e-11	3.62909e-11	1.99849e-11	8.57051e-12	3.87051e-12
1633.27	5.68672e-08	5.23515e-08	4.21781e-08	3.15872e-08	2.2846e-08	1.6247e-08	1.14586e-08	8.04805e-09	5.6404e-09	3.94809e-09	2.76108e-09	1.92935e-09	1.34686e-09	9.39025e-10	6.53505e-10	4.5363e-10	3.13714e-10	2.15771e-10	1.47211e-10	9.92182e-11	6.56235e-11	4.21071e-11	2.56458e-11	1.41227e-11	6.05653e-12	2.73518e-12
1703.41	3.96864e-08	3.65351e-08	2.94353e-08	2.20441e-08	1.59438e-08	1.13384e-08	7.99674e-09	5.61658e-09	3.93633e-09	2.7553e-09	1.9269e-09	1.34646e-09	9.3995e-10	6.55327e-10	4.56069e-10	3.1658e-10	2.18935e-10	1.50582e-10	1.02735e-10	6.92425e-11	4.57974e-11	2.93857e-11	1.78977e-11	9.85599e-12	4.22674e-12	1.90883e-12
1776.56	2.73417e-08	2.51706e-08	2.02792e-08	1.51872e-08	1.09844e-08	7.81156e-09	5.50931e-09	3.86951e-09	2.71191e-09	1.89825e-09	1.32753e-09	9.27635e-10	6.47573e-10	4.51484e-10	3.14206e-10	2.18106e-10	1.50834e-10	1.03743e-10	7.0779e-11	4.77042e-11	3.15518e-11	2.02451e-11	1.23305e-11	6.79023e-12	2.91199e-12	1.31508e-12
1852.85	1.85886e-08	1.71126e-08	1.37871e-08	1.03252e-08	7.46789e-09	5.3108e-09	3.74558e-09	2.63074e-09	1.84373e-09	1.29055e-09	9.0254e-10	6.30666e-10	4.40262e-10	3.06948e-10	2.13617e-10	1.48282e-10	1.02547e-10	7.05311e-11	4.81201e-11	3.24324e-11	2.1451e-11	1.37639e-11	8.38307e-12	4.61643e-12	1.97976e-12	8.94074e-13
1932.41	1.24664e-08	1.14765e-08	9.24629e-09	6.92456e-09	5.00831e-09	3.56167e-09	2.51196e-09	1.7643e-09	1.23649e-09	8.65503e-10	6.05285e-10	4.22954e-10	2.9526e-10	2.05854e-10	1.43262e-10	9.9445e-11	6.87725e-11	4.73014e-11	3.22716e-11	2.17507e-11	1.4386e-11	9.23074e-12	5.62208e-12	3.096e-12	1.32772e-12	5.99608e-13
2015.39	8.24397e-09	7.58935e-09	6.11453e-09	4.57918e-09	3.31198e-09	2.35532e-09	1.66115e-09	1.16672e-09	8.17687e-10	5.72353e-10	4.00273e-10	2.79698e-10	1.95254e-10	1.3613e-10	9.47384e-11	6.57626e-11	4.5479e-11	3.12802e-11	2.13411e-11	1.43836e-11	9.51341e-12	6.10425e-12	3.71786e-12	2.04737e-12	8.78014e-13	3.96518e-13
2101.94	5.37356e-09	4.94687e-09	3.98555e-09	2.98479e-09	2.1588e-09	1.53524e-09	1.08277e-09	7.6049e-10	5.32983e-10	3.7307e-10	2.60905e-10	1.82312e-10	1.2727e-10	8.8732e-11	6.17522e-11	4.28652e-11	2.9644e-11	2.0389e-11	1.39105e-11	9.37551e-12	6.20101e-12	3.97886e-12	2.42336e-12	1.33451e-12	5.72305e-13	2.58457e-13
2192.2	3.45099e-09	3.17696e-09	2.55959e-09	1.91688e-09	1.38642e-09	9.85955e-10	6.95371e-10	4.884e-10	3.42291e-10	2.39592e-10	1.67558e-10	1.17084e-10	8.17352e-11	5.69852e-11	3.96583e-11	2.75288e-11	1.90379e-11	1.30942e-11	8.93356e-12	6.02111e-12	3.9824e-12	2.55529e-12	1.55633e-12	8.57046e-13	3.67544e-13	1.65986e-13
2286.33	2.18276e-09	2.00944e-09	1.61895e-09	1.21243e-09	8.76914e-10	6.23619e-10	4.39824e-10	3.08914e-10	2.165e-10	1.51542e-10	1.05981e-10	7.40558e-11	5.16977e-11	3.60433e-11	2.5084e-11	1.7412e-11	1.20415e-11	8.2821e-12	5.65049e-12	3.80837e-12	2.51887e-12	1.61623e-12	9.8438e-13	5.42084e-13	2.32472e-13	1.04986e-13
2384.51	1.35916e-09	1.25123e-09	1.00808e-09	7.54955e-10	5.46035e-10	3.88314e-10	2.73869e-10	1.92354e-10	1.3481e-10	9.43621e-11	6.59918e-11	4.61129e-11	3.2191e-11	2.24434e-11	1.56192e-11	1.08421e-11	7.49798e-12	5.15708e-12	3.51844e-12	2.37139e-12	1.56845e-12	1.00639e-12	6.12952e-13	3.37544e-13	1.44755e-13	6.53727e-14
2400	1.24056e-09	1.14205e-09	9.20119e-10	6.89079e-10	4.98389e-10	3.5443e-10	2.49971e-10	1.75569e-10	1.23046e-10	8.61282e-11	6.02334e-11	4.20891e-11	2.9382e-11	2.0485e-11	1.42563e-11	9.89601e-12	6.84372e-12	4.70708e-12	3.21142e-12	2.16446e-12	1.43159e-12	9.18573e-13	5.59466e-13	3.0809e-13	1.32124e-13	5.96684e-14
