x	N1	N8	N15	N22	N29	N36	N43	N50	N57	N64	N71	N78	N85	N92	N99	N106	N113	N120	N127	N134	N141	N148	N155	N162	N169	N176
0.01	0.0013069	0.0013069	0.0013069	0.0013069	0.0013069	0.0013069	0.0013069	0.0013069	0.00130691	0.00130677	0.00130263	0.00128102	0.00122124	0.00111053	0.000955975	0.0007802	0.000607749	0.000455353	0.000330121	0.000232228	0.00015828	0.000103717	6.41017e-05	3.5657e-05	1.539e-05	6.97543e-06
0.02036	0.0013069	0.0013069	0.0013069	0.0013069	0.0013069	0.0013069	0.00130691	0.00130688	0.00130701	0.00130541	0.00128797	0.00122569	0.00109794	0.000916367	0.000716874	0.000533355	0.000383092	0.000268579	0.000184865	0.000125042	8.27911e-05	5.3122e-05	3.23417e-05	1.78019e-05	7.63146e-06	3.44561e-06
0.031381	0.0013069	0.0013069	0.0013069	0.0013069	0.0013069	0.0013069	0.00130691	0.00130688	0.00130711	0.0013008	0.00126085	0.00115416	0.0009792	0.000772254	0.000575866	0.000413873	0.000290767	0.000201247	0.000137566	9.2728e-05	6.12986e-05	3.93062e-05	2.39255e-05	1.31691e-05	5.64569e-06	2.54914e-06
0.0433274	0.0013069	0.0013069	0.0013069	0.0013069	0.0013069	0.00130691	0.00130688	0.00130697	0.00130674	0.00129114	0.00122319	0.00107811	0.000876912	0.000667274	0.000485421	0.000343792	0.000239669	0.000165263	0.000112782	7.59724e-05	5.02119e-05	3.21964e-05	1.95987e-05	1.07882e-05	4.62521e-06	2.08844e-06
0.0564444	0.0013069	0.0013069	0.0013069	0.00130691	0.00130689	0.00130692	0.00130683	0.00130719	0.0013051	0.00127557	0.00117813	0.00100371	0.000790759	0.000587891	0.000421722	0.000296487	0.000205969	0.000141808	9.67166e-05	6.51383e-05	4.30505e-05	2.76055e-05	1.6805e-05	9.25086e-06	3.96625e-06	1.79094e-06
0.07097	0.0013069	0.0013069	0.0013069	0.0013069	0.00130689	0.00130693	0.0013068	0.00130745	0.00130132	0.00125405	0.00112854	0.000933531	0.000717848	0.000525337	0.000373602	0.000261551	0.000181356	0.000124766	8.50709e-05	5.72917e-05	3.78655e-05	2.42818e-05	1.47824e-05	8.13775e-06	3.4891e-06	1.57551e-06
0.0871454	0.0013069	0.0013069	0.0013069	0.0013069	0.00130691	0.0013069	0.00130686	0.00130749	0.00129467	0.00122708	0.00107659	0.000868375	0.000655402	0.000474326	0.0003354	0.000234183	0.000162196	0.000111536	7.60404e-05	5.12097e-05	3.38469e-05	2.17058e-05	1.32147e-05	7.27494e-06	3.11924e-06	1.40851e-06
0.105223	0.0013069	0.0013069	0.00130691	0.00130689	0.00130693	0.00130684	0.00130703	0.00130694	0.00128458	0.0011954	0.00102384	0.000808294	0.000601238	0.000431602	0.000303975	0.000211863	0.00014663	0.000100806	6.87206e-05	4.62808e-05	3.05903e-05	1.96182e-05	1.19441e-05	6.57564e-06	2.81945e-06	1.27316e-06
0.125473	0.0013069	0.0013069	0.00130691	0.00130688	0.00130694	0.00130678	0.00130731	0.00130534	0.00127076	0.00115985	0.000971366	0.000753026	0.000553715	0.000395067	0.000277442	0.000193128	0.000133597	9.18311e-05	6.26011e-05	4.21605e-05	2.7868e-05	1.78729e-05	1.08819e-05	5.99097e-06	2.5688e-06	1.15998e-06
0.14819	0.0013069	0.0013069	0.00130691	0.00130689	0.00130695	0.00130674	0.00130762	0.00130222	0.00125308	0.00112129	0.00091992	0.000702198	0.000511606	0.000363315	0.000254595	0.000177064	0.000122442	8.41553e-05	5.73682e-05	3.86375e-05	2.55402e-05	1.63805e-05	9.97348e-06	5.49097e-06	2.35445e-06	1.0632e-06
0.173699	0.0013069	0.0013069	0.0013069	0.0013069	0.00130693	0.00130677	0.00130781	0.00129713	0.00123161	0.00108049	0.000869992	0.000655418	0.000473981	0.000335366	0.000234624	0.000163064	0.000112734	7.7478e-05	5.28169e-05	3.55733e-05	2.35154e-05	1.50824e-05	9.18331e-06	5.05603e-06	2.16797e-06	9.78996e-07
0.202358	0.0013069	0.0013069	0.00130689	0.00130692	0.00130687	0.0013069	0.00130766	0.00128965	0.00120655	0.00103818	0.000821896	0.000612304	0.000440124	0.000310508	0.000216958	0.000150709	0.000104174	7.15927e-05	4.88057e-05	3.28727e-05	2.1731e-05	1.39382e-05	8.48683e-06	4.67264e-06	2.0036e-06	9.04776e-07
0.234571	0.0013069	0.00130691	0.00130688	0.00130694	0.00130681	0.00130712	0.00130688	0.00127948	0.00117821	0.000994997	0.000775825	0.00057251	0.000409475	0.000288214	0.00020118	0.000139695	9.65489e-05	6.63511e-05	4.52334e-05	3.04676e-05	2.01416e-05	1.29191e-05	7.86647e-06	4.33114e-06	1.85719e-06	8.38663e-07
0.270786	0.0013069	0.00130691	0.00130688	0.00130696	0.00130674	0.00130743	0.00130516	0.00126637	0.00114695	0.000951472	0.00073188	0.00053572	0.000381589	0.000268081	0.000186978	0.000129795	8.96987e-05	6.16432e-05	4.2025e-05	2.83074e-05	1.87141e-05	1.20037e-05	7.30922e-06	4.02438e-06	1.72566e-06	7.79273e-07
0.311506	0.0013069	0.00130691	0.00130688	0.00130696	0.00130671	0.00130774	0.00130216	0.00125021	0.00111321	0.000908059	0.000690099	0.000501654	0.000356104	0.000249794	0.000174113	0.000120836	8.35027e-05	5.73855e-05	3.91234e-05	2.63537e-05	1.74229e-05	1.11758e-05	6.80519e-06	3.74691e-06	1.60669e-06	7.25553e-07
0.357297	0.0013069	0.0013069	0.00130689	0.00130694	0.00130673	0.00130795	0.00129753	0.00123095	0.00107742	0.000865133	0.000650473	0.000470061	0.000332728	0.000233103	0.000162396	0.000112685	7.78666e-05	5.35129e-05	3.64842e-05	2.45766e-05	1.62485e-05	1.04227e-05	6.34667e-06	3.49449e-06	1.49847e-06	6.76682e-07
0.408792	0.0013069	0.0013069	0.00130691	0.00130689	0.00130685	0.00130788	0.00129093	0.00120866	0.00104002	0.000822993	0.000612961	0.00044072	0.000311215	0.000217806	0.000151677	0.000105233	7.27153e-05	4.99736e-05	3.40721e-05	2.29524e-05	1.5175e-05	9.73426e-06	5.92756e-06	3.26376e-06	1.39953e-06	6.32008e-07
0.466704	0.00130691	0.00130689	0.00130694	0.00130682	0.00130705	0.00130733	0.00128208	0.00118347	0.00100146	0.000781878	0.000577501	0.000413432	0.000291361	0.000203737	0.000141833	9.83923e-05	6.79879e-05	4.67256e-05	3.18586e-05	2.14618e-05	1.41898e-05	9.10245e-06	5.54289e-06	3.05198e-06	1.30873e-06	5.91005e-07
0.5	0.00130691	0.00130688	0.00130695	0.00130678	0.00130719	0.00130684	0.00127658	0.00116902	0.000980366	0.000760037	0.00055898	0.000399302	0.000281123	0.000196495	0.000136769	9.4875e-05	6.55573e-05	4.50557e-05	3.07204e-05	2.06954e-05	1.36833e-05	8.77758e-06	5.3451e-06	2.94309e-06	1.26204e-06	5.69921e-07
0.572105	0.00130691	0.00130688	0.00130697	0.00130671	0.00130752	0.00130494	0.00126326	0.00113865	0.000939415	0.00071959	0.000525551	0.00037412	0.00026298	0.000183693	0.000127828	8.86667e-05	6.12675e-05	4.21085e-05	2.87117e-05	1.93427e-05	1.27891e-05	8.20413e-06	4.99596e-06	2.75087e-06	1.17962e-06	5.32702e-07
0.649789	0.00130691	0.00130688	0.00130697	0.00130668	0.00130783	0.00130195	0.0012478	0.00110731	0.000899956	0.000682167	0.000495292	0.00035157	0.000246814	0.000172312	0.000119886	8.31537e-05	5.74586e-05	3.94917e-05	2.69282e-05	1.81416e-05	1.19952e-05	7.69492e-06	4.68592e-06	2.58017e-06	1.10643e-06	4.99651e-07
0.731936	0.00130691	0.00130689	0.00130694	0.00130671	0.00130803	0.0012978	0.00123069	0.0010759	0.000862692	0.00064803	0.000468192	0.000331551	0.000232521	0.000162266	0.00011288	7.82922e-05	5.41e-05	3.71842e-05	2.53554e-05	1.70823e-05	1.1295e-05	7.24585e-06	4.41249e-06	2.42963e-06	1.04188e-06	4.70502e-07
0.817654	0.0013069	0.00130691	0.0013069	0.0013068	0.00130804	0.00129253	0.00121241	0.00104506	0.000827937	0.000617118	0.000444026	0.00031383	0.000219908	0.000153413	0.00010671	7.40115e-05	5.11427e-05	3.51524e-05	2.39705e-05	1.61496e-05	1.06784e-05	6.85039e-06	4.1717e-06	2.29706e-06	9.85031e-07	4.44832e-07
0.906228	0.00130689	0.00130693	0.00130685	0.00130694	0.00130779	0.0012862	0.00119339	0.00101524	0.000795764	0.000589213	0.000422489	0.000298131	0.000208765	0.000145601	0.000101268	7.0236e-05	4.85346e-05	3.33604e-05	2.2749e-05	1.53269e-05	1.01346e-05	6.50157e-06	3.95931e-06	2.18012e-06	9.34888e-07	4.22188e-07
0.997088	0.00130688	0.00130695	0.00130679	0.00130713	0.00130723	0.00127894	0.00117396	0.000986667	0.000766104	0.000564032	0.000403263	0.000284187	0.00019889	0.000138684	9.64505e-05	6.68946e-05	4.62264e-05	3.17745e-05	2.1668e-05	1.45988e-05	9.65324e-06	6.19283e-06	3.77131e-06	2.07662e-06	8.90505e-07	4.02146e-07
1.08978	0.00130687	0.00130697	0.00130673	0.00130735	0.00130631	0.00127089	0.00115442	0.000959488	0.00073881	0.000541281	0.00038605	0.000271755	0.000190101	0.000132533	9.21682e-05	6.39246e-05	4.41747e-05	3.03649e-05	2.0707e-05	1.39515e-05	9.22535e-06	5.91837e-06	3.60419e-06	1.9846e-06	8.51049e-07	3.84329e-07
1.18393	0.00130686	0.00130698	0.00130668	0.00130758	0.00130503	0.00126216	0.00113499	0.000933747	0.000713699	0.000520678	0.000370584	0.000260624	0.000182245	0.000127038	8.83432e-05	6.12718e-05	4.23422e-05	2.91057e-05	1.98487e-05	1.33734e-05	8.84314e-06	5.67321e-06	3.45491e-06	1.90241e-06	8.15804e-07	3.68413e-07
1.27925	0.00130686	0.00130698	0.00130665	0.0013078	0.00130338	0.0012529	0.00111583	0.000909436	0.000690581	0.000501967	0.00035663	0.000250612	0.000175187	0.000122104	8.49097e-05	5.88908e-05	4.06974e-05	2.79755e-05	1.90782e-05	1.28544e-05	8.50004e-06	5.45314e-06	3.32091e-06	1.82863e-06	7.84165e-07	3.54125e-07
1.3755	0.00130687	0.00130698	0.00130664	0.00130799	0.00130136	0.00124322	0.00109704	0.00088651	0.000669264	0.000484918	0.000343988	0.000241566	0.000168817	0.000117653	8.18128e-05	5.67432e-05	3.92139e-05	2.69562e-05	1.83833e-05	1.23864e-05	8.19059e-06	5.25464e-06	3.20004e-06	1.76208e-06	7.55628e-07	3.41238e-07
1.47251	0.00130687	0.00130697	0.00130666	0.00130814	0.00129899	0.00123322	0.00107872	0.000864905	0.000649572	0.000469331	0.000332488	0.000233354	0.00016304	0.000113618	7.90057e-05	5.47967e-05	3.78692e-05	2.60322e-05	1.77534e-05	1.1962e-05	7.91007e-06	5.0747e-06	3.09046e-06	1.70174e-06	7.29758e-07	3.29556e-07
1.5	0.00130688	0.00130696	0.00130666	0.00130818	0.00129829	0.00123036	0.00107357	0.000858889	0.000644121	0.000465031	0.00032932	0.000231094	0.000161451	0.000112508	7.82334e-05	5.42611e-05	3.74992e-05	2.5778e-05	1.75801e-05	1.18453e-05	7.83287e-06	5.02518e-06	3.06031e-06	1.68514e-06	7.22638e-07	3.26341e-07
1.59808	0.00130689	0.00130694	0.0013067	0.00130825	0.00129548	0.00122003	0.00105586	0.000838817	0.00062624	0.000451044	0.000319057	0.000223784	0.000156314	0.000108921	7.57384e-05	5.25311e-05	3.63041e-05	2.49568e-05	1.70202e-05	1.14681e-05	7.58353e-06	4.86524e-06	2.96292e-06	1.63152e-06	6.99643e-07	3.15956e-07
1.69753	0.0013069	0.00130691	0.00130676	0.00130826	0.00129232	0.00120948	0.00103856	0.000819729	0.000609496	0.000438049	0.000309558	0.000217029	0.00015157	0.00010561	7.34354e-05	5.09342e-05	3.52009e-05	2.41987e-05	1.65034e-05	1.112e-05	7.35335e-06	4.71759e-06	2.87301e-06	1.58201e-06	6.78415e-07	3.0637e-07
1.79906	0.00130692	0.00130687	0.00130685	0.00130817	0.00128882	0.00119866	0.00102156	0.000801436	0.000593674	0.000425857	0.000300675	0.000210721	0.000147143	0.000102521	7.12869e-05	4.94445e-05	3.41718e-05	2.34915e-05	1.60212e-05	1.07952e-05	7.13861e-06	4.57984e-06	2.78912e-06	1.53583e-06	6.5861e-07	2.97426e-07
1.90328	0.00130694	0.00130684	0.00130695	0.00130799	0.00128495	0.00118757	0.00100478	0.000783803	0.000578616	0.000414329	0.000292301	0.000204782	0.000142978	9.96145e-05	6.9266e-05	4.80432e-05	3.32038e-05	2.28263e-05	1.55677e-05	1.04897e-05	6.93661e-06	4.45026e-06	2.71022e-06	1.49238e-06	6.39979e-07	2.89013e-07
2.01069	0.00130696	0.00130679	0.00130708	0.00130769	0.0012807	0.0011762	0.000988195	0.000766732	0.000564211	0.000403365	0.000284358	0.000199156	0.000139034	9.68634e-05	6.73529e-05	4.67168e-05	3.22874e-05	2.21965e-05	1.51383e-05	1.02004e-05	6.74538e-06	4.32758e-06	2.63552e-06	1.45125e-06	6.22341e-07	2.81048e-07
2.12172	0.00130698	0.00130675	0.00130722	0.00130727	0.00127606	0.00116454	0.000971757	0.000750151	0.000550372	0.000392889	0.000276788	0.000193801	0.000135281	9.42459e-05	6.55329e-05	4.54548e-05	3.14156e-05	2.15974e-05	1.47298e-05	9.92524e-06	6.56343e-06	4.21087e-06	2.56444e-06	1.41211e-06	6.0556e-07	2.7347e-07
2.23676	0.001307	0.00130671	0.00130737	0.00130669	0.00127102	0.00115259	0.00095545	0.00073401	0.000537036	0.000382845	0.000269546	0.000188682	0.000131696	9.17458e-05	6.37945e-05	4.42495e-05	3.05829e-05	2.10251e-05	1.43397e-05	9.6624e-06	6.38965e-06	4.09939e-06	2.49655e-06	1.37473e-06	5.89531e-07	2.66231e-07
2.35616	0.00130701	0.00130667	0.00130754	0.00130596	0.00126558	0.00114036	0.000939264	0.00071827	0.000524156	0.000373187	0.000262598	0.000183776	0.00012826	8.93505e-05	6.21292e-05	4.30948e-05	2.97851e-05	2.04769e-05	1.39659e-05	9.41058e-06	6.22314e-06	3.99258e-06	2.43151e-06	1.33892e-06	5.74173e-07	2.59296e-07
2.48025	0.00130703	0.00130663	0.0013077	0.00130504	0.00125974	0.00112786	0.000923194	0.000702903	0.000511691	0.000363882	0.000255916	0.000179061	0.00012496	8.70502e-05	6.05298e-05	4.19858e-05	2.9019e-05	1.99504e-05	1.36069e-05	9.16873e-06	6.06324e-06	3.89e-06	2.36905e-06	1.30452e-06	5.59424e-07	2.52635e-07
2.60932	0.00130704	0.00130661	0.00130787	0.00130393	0.00125348	0.00111511	0.00090724	0.000687888	0.000499613	0.000354901	0.000249479	0.000174523	0.000121785	8.48366e-05	5.89909e-05	4.09188e-05	2.82818e-05	1.94437e-05	1.32614e-05	8.93599e-06	5.90935e-06	3.79128e-06	2.30893e-06	1.27142e-06	5.4523e-07	2.46225e-07
2.74366	0.00130704	0.00130659	0.00130803	0.00130261	0.00124681	0.00110211	0.000891405	0.000673207	0.000487895	0.000346221	0.000243268	0.000170147	0.000118724	8.27031e-05	5.75076e-05	3.98903e-05	2.75712e-05	1.89554e-05	1.29284e-05	8.71168e-06	5.76104e-06	3.69614e-06	2.25099e-06	1.23952e-06	5.31549e-07	2.40047e-07
2.88358	0.00130703	0.00130658	0.00130817	0.00130105	0.00123973	0.00108889	0.000875693	0.000658847	0.000476518	0.000337823	0.000237267	0.000165922	0.000115769	8.06441e-05	5.60762e-05	3.88978e-05	2.68855e-05	1.84842e-05	1.26071e-05	8.49519e-06	5.61789e-06	3.60431e-06	2.19507e-06	1.20873e-06	5.18345e-07	2.34084e-07
3.02935	0.00130702	0.00130659	0.00130829	0.00129925	0.00123225	0.00107546	0.000860112	0.000644797	0.000465464	0.000329689	0.000231464	0.000161839	0.000112915	7.86549e-05	5.46933e-05	3.7939e-05	2.6223e-05	1.80288e-05	1.22966e-05	8.28602e-06	5.47959e-06	3.51559e-06	2.14104e-06	1.17898e-06	5.05588e-07	2.28323e-07
3.18126	0.001307	0.00130662	0.00130838	0.00129718	0.00122436	0.00106184	0.000844668	0.000631049	0.000454717	0.000321805	0.000225847	0.00015789	0.000110154	7.67311e-05	5.33559e-05	3.70117e-05	2.55824e-05	1.75885e-05	1.19964e-05	8.08373e-06	5.34584e-06	3.42978e-06	2.08879e-06	1.15021e-06	4.9325e-07	2.22752e-07
3.33959	0.00130698	0.00130666	0.00130842	0.00129483	0.00121608	0.00104806	0.000829368	0.000617594	0.000444264	0.000314159	0.000220407	0.000154066	0.000107481	7.48691e-05	5.20616e-05	3.61142e-05	2.49622e-05	1.71623e-05	1.17057e-05	7.88794e-06	5.21637e-06	3.34673e-06	2.03821e-06	1.12236e-06	4.81307e-07	2.17358e-07
3.50466	0.00130694	0.00130672	0.00130842	0.00129218	0.00120741	0.00103412	0.000814218	0.000604424	0.000434092	0.000306739	0.000215133	0.000150361	0.000104893	7.30657e-05	5.08079e-05	3.52449e-05	2.43616e-05	1.67495e-05	1.14243e-05	7.69829e-06	5.09097e-06	3.26628e-06	1.98922e-06	1.09538e-06	4.6974e-07	2.12135e-07
3.67676	0.0013069	0.0013068	0.00130834	0.00128923	0.00119837	0.00102006	0.000799225	0.000591534	0.00042419	0.000299534	0.000210018	0.00014677	0.000102384	7.13178e-05	4.95928e-05	3.44023e-05	2.37795e-05	1.63494e-05	1.11514e-05	7.51447e-06	4.96942e-06	3.18831e-06	1.94174e-06	1.06924e-06	4.58527e-07	2.07071e-07
3.85621	0.00130685	0.0013069	0.0013082	0.00128596	0.00118895	0.00100588	0.000784397	0.000578916	0.000414548	0.000292534	0.000205054	0.000143286	9.99506e-05	6.96227e-05	4.84145e-05	3.35853e-05	2.32149e-05	1.59613e-05	1.08868e-05	7.33619e-06	4.85154e-06	3.11268e-06	1.89568e-06	1.04388e-06	4.47653e-07	2.0216e-07
4.04333	0.00130679	0.00130702	0.00130797	0.00128235	0.00117918	0.000991614	0.000769739	0.000566566	0.000405157	0.000285732	0.000200235	0.000139905	9.75893e-05	6.79778e-05	4.72711e-05	3.27924e-05	2.26671e-05	1.55848e-05	1.063e-05	7.1632e-06	4.73715e-06	3.0393e-06	1.85099e-06	1.01927e-06	4.37101e-07	1.97395e-07
4.23846	0.00130673	0.00130715	0.00130763	0.0012784	0.00116907	0.000977273	0.000755258	0.000554479	0.000396006	0.000279118	0.000195553	0.000136622	9.52969e-05	6.6381e-05	4.61611e-05	3.20227e-05	2.21353e-05	1.52192e-05	1.03808e-05	6.99524e-06	4.6261e-06	2.96805e-06	1.80761e-06	9.95378e-07	4.26856e-07	1.92768e-07
4.44195	0.00130667	0.0013073	0.00130719	0.00127409	0.00115862	0.000962878	0.000740958	0.000542648	0.000387089	0.000272686	0.000191004	0.000133432	9.30703e-05	6.48301e-05	4.5083e-05	3.12751e-05	2.16187e-05	1.48642e-05	1.01386e-05	6.83211e-06	4.51823e-06	2.89885e-06	1.76546e-06	9.72172e-07	4.16904e-07	1.88274e-07
4.65416	0.00130661	0.00130746	0.00130661	0.00126943	0.00114785	0.000948445	0.000726844	0.000531069	0.000378397	0.000266428	0.000186581	0.000130333	9.09067e-05	6.33231e-05	4.40354e-05	3.05487e-05	2.11167e-05	1.45191e-05	9.90335e-06	6.67359e-06	4.4134e-06	2.8316e-06	1.72451e-06	9.49623e-07	4.07234e-07	1.83908e-07
4.87547	0.00130654	0.00130763	0.0013059	0.00126439	0.00113678	0.00093399	0.000712921	0.000519737	0.000369924	0.000260337	0.000182281	0.00012732	8.88035e-05	6.18583e-05	4.30171e-05	2.98426e-05	2.06288e-05	1.41838e-05	9.67464e-06	6.51949e-06	4.31151e-06	2.76623e-06	1.6847e-06	9.27702e-07	3.97834e-07	1.79662e-07
5.10627	0.00130649	0.0013078	0.00130503	0.00125899	0.00112542	0.00091953	0.000699192	0.000508647	0.000361661	0.000254408	0.000178097	0.00012439	8.67583e-05	6.04339e-05	4.2027e-05	2.9156e-05	2.01544e-05	1.38576e-05	9.45223e-06	6.36964e-06	4.21242e-06	2.70266e-06	1.64599e-06	9.06385e-07	3.88693e-07	1.75534e-07
5.34697	0.00130644	0.00130797	0.00130399	0.00125322	0.00111378	0.000905078	0.00068566	0.000497795	0.000353604	0.000248635	0.000174026	0.000121539	8.4769e-05	5.90484e-05	4.10639e-05	2.84881e-05	1.96928e-05	1.35404e-05	9.23589e-06	6.22387e-06	4.11603e-06	2.64082e-06	1.60833e-06	8.85648e-07	3.798e-07	1.71519e-07
5.59801	0.0013064	0.00130813	0.00130277	0.00124707	0.00110188	0.000890649	0.000672328	0.000487177	0.000345745	0.000243012	0.000170063	0.000118765	8.28333e-05	5.77003e-05	4.01268e-05	2.78382e-05	1.92438e-05	1.32317e-05	9.02537e-06	6.08203e-06	4.02224e-06	2.58065e-06	1.57169e-06	8.6547e-07	3.71148e-07	1.67611e-07
5.85981	0.00130637	0.00130828	0.00130135	0.00124054	0.00108974	0.000876257	0.000659199	0.000476787	0.000338079	0.000237535	0.000166205	0.000116065	8.09493e-05	5.63883e-05	3.92147e-05	2.72057e-05	1.88067e-05	1.29313e-05	8.82048e-06	5.94398e-06	3.93095e-06	2.52209e-06	1.53602e-06	8.45831e-07	3.62726e-07	1.63808e-07
6.13286	0.00130636	0.0013084	0.00129972	0.00123364	0.00107737	0.000861913	0.000646272	0.000466621	0.0003306	0.000232198	0.000162448	0.000113436	7.91153e-05	5.5111e-05	3.83268e-05	2.659e-05	1.83812e-05	1.26388e-05	8.62101e-06	5.80958e-06	3.84207e-06	2.46507e-06	1.5013e-06	8.26711e-07	3.54526e-07	1.60105e-07
6.41762	0.00130637	0.0013085	0.00129786	0.00122637	0.00106479	0.000847628	0.00063355	0.000456675	0.000323302	0.000226997	0.000158789	0.000110876	7.73294e-05	5.38673e-05	3.74622e-05	2.59904e-05	1.79668e-05	1.23539e-05	8.42676e-06	5.6787e-06	3.75553e-06	2.40954e-06	1.46748e-06	8.08091e-07	3.46542e-07	1.56499e-07
6.71461	0.00130641	0.00130856	0.00129575	0.00121873	0.00105202	0.000833414	0.000621033	0.000446944	0.000316182	0.000221928	0.000155224	0.000108383	7.55899e-05	5.2656e-05	3.66201e-05	2.54064e-05	1.75633e-05	1.20765e-05	8.23757e-06	5.55122e-06	3.67123e-06	2.35546e-06	1.43455e-06	7.89955e-07	3.38764e-07	1.52987e-07
7.02434	0.00130647	0.00130857	0.00129339	0.00121073	0.00103907	0.000819281	0.000608721	0.000437424	0.000309232	0.000216986	0.00015175	0.000105954	7.38954e-05	5.14759e-05	3.57998e-05	2.48375e-05	1.71701e-05	1.18062e-05	8.05324e-06	5.42702e-06	3.5891e-06	2.30277e-06	1.40246e-06	7.72286e-07	3.31187e-07	1.49565e-07
7.34738	0.00130655	0.00130852	0.00129076	0.00120238	0.00102596	0.000805237	0.000596612	0.00042811	0.000302449	0.000212168	0.000148365	0.000103586	7.22442e-05	5.0326e-05	3.50004e-05	2.42831e-05	1.6787e-05	1.15429e-05	7.87363e-06	5.306e-06	3.50907e-06	2.25143e-06	1.37119e-06	7.55068e-07	3.23804e-07	1.46231e-07
7.68427	0.00130667	0.0013084	0.00128785	0.00119367	0.0010127	0.000791293	0.000584708	0.000418997	0.000295828	0.000207468	0.000145064	0.000101279	7.06348e-05	4.92053e-05	3.42213e-05	2.37428e-05	1.64136e-05	1.12862e-05	7.69856e-06	5.18803e-06	3.43106e-06	2.20138e-06	1.34071e-06	7.38285e-07	3.16607e-07	1.4298e-07
8.03564	0.00130682	0.00130821	0.00128464	0.00118463	0.000999321	0.000777456	0.000573006	0.000410081	0.000289363	0.000202885	0.000141846	9.90296e-05	6.9066e-05	4.81128e-05	3.34618e-05	2.32161e-05	1.60496e-05	1.10359e-05	7.52789e-06	5.07303e-06	3.35501e-06	2.15259e-06	1.311e-06	7.21924e-07	3.0959e-07	1.39812e-07
8.40208	0.001307	0.00130792	0.00128112	0.00117525	0.000985831	0.000763734	0.000561506	0.000401357	0.00028305	0.000198413	0.000138708	9.68361e-05	6.75362e-05	4.70475e-05	3.27212e-05	2.27024e-05	1.56946e-05	1.07919e-05	7.36146e-06	4.96089e-06	3.28086e-06	2.10501e-06	1.28202e-06	7.05969e-07	3.02748e-07	1.36722e-07
8.78426	0.00130721	0.00130754	0.00127729	0.00116556	0.00097225	0.000750134	0.000550206	0.000392821	0.000276885	0.000194049	0.000135647	9.46968e-05	6.60442e-05	4.60085e-05	3.19989e-05	2.22015e-05	1.53484e-05	1.05539e-05	7.19914e-06	4.85151e-06	3.20853e-06	2.05861e-06	1.25376e-06	6.90407e-07	2.96075e-07	1.33708e-07
9.18285	0.00130745	0.00130704	0.00127312	0.00115556	0.000958593	0.000736664	0.000539105	0.000384468	0.000270864	0.00018979	0.00013266	9.26098e-05	6.45888e-05	4.4995e-05	3.12943e-05	2.17128e-05	1.50106e-05	1.03217e-05	7.04078e-06	4.74481e-06	3.13797e-06	2.01334e-06	1.22619e-06	6.75226e-07	2.89565e-07	1.30768e-07
9.59854	0.00130771	0.00130642	0.00126862	0.00114525	0.000944877	0.00072333	0.000528201	0.000376295	0.000264981	0.000185633	0.000129745	9.05735e-05	6.31688e-05	4.40062e-05	3.06069e-05	2.1236e-05	1.46811e-05	1.00951e-05	6.88627e-06	4.6407e-06	3.06912e-06	1.96917e-06	1.19929e-06	6.60413e-07	2.83212e-07	1.279e-07
10.0321	0.001308	0.00130567	0.00126377	0.00113466	0.000931117	0.000710138	0.000517492	0.000368297	0.000259235	0.000181575	0.0001269	8.85862e-05	6.1783e-05	4.30411e-05	2.9936e-05	2.07707e-05	1.43595e-05	9.87405e-06	6.73547e-06	4.53909e-06	3.00192e-06	1.92606e-06	1.17304e-06	6.45956e-07	2.77013e-07	1.251e-07
10.4842	0.0013083	0.00130477	0.00125857	0.00112379	0.000917329	0.000697094	0.000506978	0.000360471	0.00025362	0.000177612	0.000124123	8.66465e-05	6.04304e-05	4.20992e-05	2.92811e-05	2.03165e-05	1.40456e-05	9.65824e-06	6.58828e-06	4.4399e-06	2.93633e-06	1.88398e-06	1.14741e-06	6.31844e-07	2.70961e-07	1.22367e-07
10.9558	0.00130861	0.00130371	0.00125301	0.00111265	0.000903526	0.000684203	0.000496657	0.000352813	0.000248133	0.000173742	0.000121412	8.4753e-05	5.911e-05	4.11797e-05	2.86419e-05	1.98731e-05	1.37391e-05	9.44756e-06	6.44459e-06	4.34308e-06	2.8723e-06	1.8429e-06	1.12239e-06	6.18068e-07	2.65054e-07	1.19699e-07
11.4476	0.00130892	0.00130249	0.00124709	0.00110127	0.000889724	0.00067147	0.000486527	0.000345319	0.000242772	0.000169963	0.000118765	8.29043e-05	5.78209e-05	4.0282e-05	2.80177e-05	1.94402e-05	1.34399e-05	9.24186e-06	6.30429e-06	4.24854e-06	2.80979e-06	1.80279e-06	1.09797e-06	6.04617e-07	2.59285e-07	1.17094e-07
11.9605	0.00130922	0.00130108	0.0012408	0.00108964	0.000875934	0.000658899	0.000476586	0.000337986	0.000237533	0.000166271	0.00011618	8.10991e-05	5.65622e-05	3.94055e-05	2.74083e-05	1.90175e-05	1.31478e-05	9.041e-06	6.1673e-06	4.15623e-06	2.74874e-06	1.76362e-06	1.07411e-06	5.91482e-07	2.53653e-07	1.14551e-07
12.4955	0.00130951	0.00129948	0.00123415	0.00107779	0.000862169	0.000646495	0.000466834	0.000330812	0.000232413	0.000162666	0.000113656	7.93364e-05	5.53332e-05	3.85496e-05	2.68132e-05	1.86047e-05	1.28625e-05	8.84486e-06	6.03352e-06	4.06609e-06	2.68913e-06	1.72538e-06	1.05082e-06	5.78656e-07	2.48152e-07	1.12067e-07
13.0534	0.00130975	0.00129768	0.00122713	0.00106572	0.00084844	0.000634259	0.000457268	0.000323792	0.000227409	0.000159144	0.00011119	7.7615e-05	5.41329e-05	3.77137e-05	2.62321e-05	1.82016e-05	1.25839e-05	8.65331e-06	5.90287e-06	3.97805e-06	2.63091e-06	1.68802e-06	1.02807e-06	5.66129e-07	2.4278e-07	1.09641e-07
13.6353	0.00130995	0.00129567	0.00121976	0.00105346	0.000834759	0.000622196	0.000447886	0.000316925	0.000222519	0.000155703	0.000108783	7.59339e-05	5.29607e-05	3.68974e-05	2.56645e-05	1.78079e-05	1.23118e-05	8.46623e-06	5.77527e-06	3.89207e-06	2.57405e-06	1.65154e-06	1.00585e-06	5.53895e-07	2.37534e-07	1.07271e-07
14.2421	0.00131008	0.00129343	0.00121202	0.001041	0.000821133	0.000610307	0.000438686	0.000310207	0.00021774	0.000152343	0.000106431	7.4292e-05	5.18159e-05	3.61002e-05	2.51102e-05	1.74234e-05	1.2046e-05	8.28351e-06	5.65065e-06	3.80809e-06	2.51851e-06	1.61591e-06	9.84154e-07	5.41946e-07	2.3241e-07	1.04957e-07
14.875	0.00131012	0.00129096	0.00120393	0.00102837	0.000807574	0.000598593	0.000429666	0.000303635	0.000213069	0.000149059	0.000104134	7.26884e-05	5.06978e-05	3.53215e-05	2.45688e-05	1.70479e-05	1.17864e-05	8.10504e-06	5.52892e-06	3.72606e-06	2.46426e-06	1.58111e-06	9.62958e-07	5.30274e-07	2.27404e-07	1.02697e-07
15.5351	0.00131006	0.00128824	0.00119549	0.00101558	0.000794089	0.000587055	0.000420824	0.000297206	0.000208504	0.000145852	0.00010189	7.1122e-05	4.96057e-05	3.45609e-05	2.404e-05	1.6681e-05	1.15329e-05	7.93071e-06	5.41001e-06	3.64593e-06	2.41127e-06	1.54711e-06	9.42253e-07	5.18873e-07	2.22515e-07	1.00489e-07
16.2235	0.00130988	0.00128527	0.00118672	0.00100265	0.000780685	0.000575693	0.000412157	0.000290917	0.000204043	0.000142718	9.96983e-05	6.9592e-05	4.85389e-05	3.3818e-05	2.35234e-05	1.63227e-05	1.12852e-05	7.76041e-06	5.29386e-06	3.56766e-06	2.35951e-06	1.5139e-06	9.22028e-07	5.07735e-07	2.17739e-07	9.83319e-08
16.9414	0.00130954	0.00128203	0.00117761	0.000989582	0.000767369	0.000564509	0.000403661	0.000284765	0.000199683	0.000139656	9.75569e-05	6.80972e-05	4.74967e-05	3.30922e-05	2.30187e-05	1.59726e-05	1.10432e-05	7.59404e-06	5.18038e-06	3.49119e-06	2.30894e-06	1.48146e-06	9.02267e-07	4.96854e-07	2.13073e-07	9.62246e-08
17.6902	0.00130904	0.00127852	0.00116819	0.0009764	0.000754149	0.000553499	0.000395333	0.000278746	0.00019542	0.000136664	9.54647e-05	6.66368e-05	4.64784e-05	3.23831e-05	2.25256e-05	1.56306e-05	1.08067e-05	7.43148e-06	5.0695e-06	3.41647e-06	2.25953e-06	1.44975e-06	8.8296e-07	4.86222e-07	2.08513e-07	9.41656e-08
18.4711	0.00130833	0.00127472	0.00115847	0.000963116	0.00074103	0.000542665	0.000387171	0.000272857	0.000191253	0.00013374	9.34202e-05	6.52098e-05	4.54835e-05	3.16901e-05	2.20438e-05	1.52963e-05	1.05757e-05	7.27262e-06	4.96115e-06	3.34346e-06	2.21124e-06	1.41877e-06	8.64093e-07	4.75833e-07	2.04058e-07	9.21535e-08
19.2856	0.0013074	0.00127062	0.00114845	0.000949747	0.000728017	0.000532005	0.00037917	0.000267095	0.000187178	0.000130882	9.1422e-05	6.38151e-05	4.4511e-05	3.10129e-05	2.15729e-05	1.49696e-05	1.03499e-05	7.11736e-06	4.85525e-06	3.2721e-06	2.16405e-06	1.38849e-06	8.45652e-07	4.65678e-07	1.99703e-07	9.0187e-08
20.135	0.00130621	0.00126622	0.00113816	0.000936307	0.000715117	0.000521516	0.000371328	0.000261456	0.000183194	0.000128087	8.94687e-05	6.24518e-05	4.35605e-05	3.03509e-05	2.11125e-05	1.46503e-05	1.01292e-05	6.96559e-06	4.75173e-06	3.20233e-06	2.11791e-06	1.3589e-06	8.27625e-07	4.55751e-07	1.95446e-07	8.82645e-08
21.0209	0.00130474	0.0012615	0.0011276	0.000922812	0.000702335	0.000511198	0.00036364	0.000255937	0.000179296	0.000125355	8.7559e-05	6.1119e-05	4.26312e-05	2.97036e-05	2.06625e-05	1.43381e-05	9.91334e-06	6.8172e-06	4.65051e-06	3.13413e-06	2.07281e-06	1.32995e-06	8.09999e-07	4.46046e-07	1.91284e-07	8.63849e-08
21.9448	0.00130297	0.00125646	0.00111679	0.000909271	0.000689668	0.000501043	0.000356097	0.00025053	0.000175481	0.000122681	8.56899e-05	5.98145e-05	4.17217e-05	2.90702e-05	2.0222e-05	1.40325e-05	9.7021e-06	6.67196e-06	4.55144e-06	3.06737e-06	2.02865e-06	1.30163e-06	7.92747e-07	4.36546e-07	1.8721e-07	8.4545e-08
22.9084	0.00130085	0.00125107	0.00110575	0.000895715	0.000677139	0.000491063	0.000348709	0.000245241	0.000171751	0.000120067	8.38636e-05	5.854e-05	4.08331e-05	2.84513e-05	1.97916e-05	1.37339e-05	9.49571e-06	6.53005e-06	4.45465e-06	3.00214e-06	1.98552e-06	1.27395e-06	7.75892e-07	4.27264e-07	1.8323e-07	8.27475e-08
23.9133	0.00129836	0.00124534	0.0010945	0.000882153	0.000664743	0.00048125	0.000341465	0.000240063	0.000168101	0.00011751	8.20769e-05	5.72931e-05	3.99637e-05	2.78458e-05	1.93705e-05	1.34418e-05	9.29379e-06	6.39122e-06	4.35995e-06	2.93832e-06	1.94331e-06	1.24687e-06	7.594e-07	4.18183e-07	1.79335e-07	8.09888e-08
24.9614	0.00129548	0.00123926	0.00108304	0.0008686	0.000652488	0.000471604	0.000334364	0.000234993	0.00016453	0.000115008	8.03289e-05	5.60732e-05	3.91132e-05	2.72534e-05	1.89586e-05	1.3156e-05	9.09623e-06	6.25538e-06	4.26729e-06	2.87588e-06	1.90202e-06	1.22038e-06	7.43265e-07	4.09297e-07	1.75525e-07	7.9268e-08
26.0545	0.00129216	0.0012328	0.00107139	0.000855071	0.000640378	0.000462122	0.000327402	0.000230028	0.000161034	0.00011256	7.86185e-05	5.48797e-05	3.82809e-05	2.66737e-05	1.85555e-05	1.28764e-05	8.90292e-06	6.12246e-06	4.17662e-06	2.81478e-06	1.86161e-06	1.19445e-06	7.27476e-07	4.00603e-07	1.71797e-07	7.75842e-08
27.1945	0.00128839	0.00122597	0.00105957	0.000841581	0.00062842	0.000452807	0.000320578	0.000225167	0.000157613	0.000110165	7.6945e-05	5.37118e-05	3.74666e-05	2.61066e-05	1.81611e-05	1.26028e-05	8.71377e-06	5.9924e-06	4.08791e-06	2.755e-06	1.82208e-06	1.16909e-06	7.12026e-07	3.92095e-07	1.68148e-07	7.59366e-08
28.3835	0.00128413	0.00121874	0.00104759	0.000828145	0.000616619	0.000443657	0.000313891	0.000220407	0.000154264	0.000107821	7.53075e-05	5.25691e-05	3.66699e-05	2.55516e-05	1.77752e-05	1.2335e-05	8.52868e-06	5.86513e-06	4.0011e-06	2.6965e-06	1.78339e-06	1.14426e-06	6.96909e-07	3.83771e-07	1.64578e-07	7.43244e-08
29.6235	0.00127936	0.00121112	0.00103545	0.000814777	0.00060498	0.000434673	0.000307339	0.000215748	0.000150988	0.000105528	7.37056e-05	5.14512e-05	3.58904e-05	2.50087e-05	1.73976e-05	1.20731e-05	8.3476e-06	5.74062e-06	3.91616e-06	2.63926e-06	1.74553e-06	1.11998e-06	6.82118e-07	3.75626e-07	1.61085e-07	7.2747e-08
30.9167	0.00127404	0.00120308	0.00102318	0.000801488	0.000593509	0.000425856	0.000300921	0.000211189	0.000147782	0.000103284	7.21385e-05	5.03576e-05	3.51279e-05	2.44776e-05	1.70282e-05	1.18168e-05	8.17045e-06	5.61881e-06	3.83308e-06	2.58327e-06	1.70851e-06	1.09622e-06	6.67648e-07	3.67658e-07	1.57668e-07	7.12039e-08
32.2655	0.00126816	0.00119462	0.00101078	0.00078829	0.000582211	0.000417206	0.000294636	0.000206727	0.000144647	0.00010109	7.0606e-05	4.92882e-05	3.43822e-05	2.39582e-05	1.6667e-05	1.15662e-05	7.9972e-06	5.49968e-06	3.75182e-06	2.52851e-06	1.67229e-06	1.07298e-06	6.53496e-07	3.59865e-07	1.54326e-07	6.96946e-08
33.6721	0.00126168	0.00118573	0.000998261	0.000775192	0.00057109	0.000408725	0.000288484	0.000202363	0.000141581	9.89449e-05	6.91075e-05	4.82425e-05	3.36531e-05	2.34503e-05	1.63138e-05	1.13212e-05	7.82779e-06	5.3832e-06	3.67236e-06	2.47496e-06	1.63688e-06	1.05026e-06	6.39658e-07	3.52245e-07	1.51059e-07	6.82189e-08
35.1392	0.00125459	0.00117639	0.000985624	0.000762204	0.000560149	0.000400412	0.000282464	0.000198096	0.000138584	9.6848e-05	6.76429e-05	4.72205e-05	3.29404e-05	2.29539e-05	1.59686e-05	1.10816e-05	7.6622e-06	5.26933e-06	3.59469e-06	2.42262e-06	1.60226e-06	1.02805e-06	6.26132e-07	3.44796e-07	1.47864e-07	6.67763e-08
36.6692	0.00124686	0.00116659	0.000972876	0.000749331	0.000549391	0.000392267	0.000276575	0.000193925	0.000135655	9.47989e-05	6.62118e-05	4.62217e-05	3.2244e-05	2.24688e-05	1.56312e-05	1.08475e-05	7.50038e-06	5.15806e-06	3.51879e-06	2.37147e-06	1.56843e-06	1.00635e-06	6.12913e-07	3.37517e-07	1.44743e-07	6.53666e-08
38.2649	0.00123847	0.00115634	0.000960021	0.000736579	0.000538818	0.00038429	0.000270817	0.000189848	0.000132793	9.27972e-05	6.48137e-05	4.52461e-05	3.15637e-05	2.19949e-05	1.53016e-05	1.06189e-05	7.34229e-06	5.04936e-06	3.44464e-06	2.3215e-06	1.53538e-06	9.85145e-07	6e-07	3.30406e-07	1.41693e-07	6.39894e-08
39.9291	0.00122941	0.0011456	0.000947058	0.000723948	0.000528429	0.00037648	0.000265187	0.000185866	0.000129998	9.08423e-05	6.34484e-05	4.42933e-05	3.08993e-05	2.1532e-05	1.49797e-05	1.03955e-05	7.18789e-06	4.94319e-06	3.37221e-06	2.27269e-06	1.50311e-06	9.64435e-07	5.87387e-07	3.2346e-07	1.38715e-07	6.26443e-08
41.6648	0.00121965	0.00113438	0.000933987	0.00071144	0.000518224	0.000368835	0.000259685	0.000181975	0.000127269	8.89332e-05	6.21151e-05	4.33629e-05	3.02505e-05	2.10801e-05	1.46654e-05	1.01774e-05	7.03712e-06	4.83951e-06	3.30149e-06	2.22503e-06	1.47159e-06	9.44211e-07	5.7507e-07	3.16678e-07	1.35806e-07	6.13308e-08
43.475	0.00120919	0.00112267	0.000920805	0.000699052	0.000508198	0.000361351	0.000254307	0.000178175	0.000124603	8.70692e-05	6.08133e-05	4.24544e-05	2.96169e-05	2.06388e-05	1.43584e-05	9.96448e-06	6.88989e-06	4.73827e-06	3.23243e-06	2.17849e-06	1.44081e-06	9.24463e-07	5.63042e-07	3.10055e-07	1.32966e-07	6.00481e-08
45.3629	0.001198	0.00111044	0.0009075	0.000686776	0.000498344	0.000354022	0.000249048	0.000174462	0.000121999	8.52485e-05	5.95417e-05	4.15671e-05	2.89982e-05	2.02077e-05	1.40586e-05	9.75646e-06	6.74608e-06	4.63938e-06	3.16497e-06	2.13303e-06	1.41074e-06	9.05172e-07	5.51294e-07	3.03585e-07	1.30191e-07	5.87951e-08
47.3318	0.00118608	0.00109771	0.000894079	0.000674614	0.000488662	0.000346846	0.000243907	0.000170835	0.000119456	8.34704e-05	5.83e-05	4.07005e-05	2.83939e-05	1.97868e-05	1.37658e-05	9.55332e-06	6.60564e-06	4.54281e-06	3.0991e-06	2.08864e-06	1.38138e-06	8.86334e-07	5.39821e-07	2.97267e-07	1.27482e-07	5.75716e-08
49.3853	0.00117343	0.00108446	0.000880527	0.000662551	0.000479138	0.000339814	0.000238878	0.000167288	0.000116971	8.17326e-05	5.70865e-05	3.98537e-05	2.78033e-05	1.93754e-05	1.34797e-05	9.35478e-06	6.46838e-06	4.44842e-06	3.03471e-06	2.04525e-06	1.35269e-06	8.67923e-07	5.28607e-07	2.91092e-07	1.24834e-07	5.63757e-08
51.5269	0.00116004	0.00107068	0.000866834	0.000650576	0.000469764	0.000332918	0.000233954	0.000163818	0.000114539	8.00331e-05	5.58997e-05	3.90255e-05	2.72258e-05	1.8973e-05	1.31999e-05	9.16061e-06	6.33414e-06	4.35611e-06	2.97174e-06	2.00281e-06	1.32462e-06	8.49916e-07	5.17641e-07	2.85053e-07	1.22244e-07	5.52062e-08
53.7605	0.0011459	0.00105637	0.000852989	0.000638676	0.000460526	0.000326148	0.000229128	0.00016042	0.000112159	7.83693e-05	5.4738e-05	3.82148e-05	2.66604e-05	1.85792e-05	1.29259e-05	8.97053e-06	6.20273e-06	4.26575e-06	2.9101e-06	1.96127e-06	1.29715e-06	8.32288e-07	5.06905e-07	2.79141e-07	1.19709e-07	5.40612e-08
56.09	0.00113101	0.00104152	0.000838979	0.000626836	0.00045141	0.000319493	0.000224391	0.000157087	0.000109825	7.67385e-05	5.35993e-05	3.74201e-05	2.61063e-05	1.81931e-05	1.26574e-05	8.78422e-06	6.07392e-06	4.17717e-06	2.84968e-06	1.92055e-06	1.27022e-06	8.1501e-07	4.96381e-07	2.73347e-07	1.17224e-07	5.29389e-08
58.5194	0.00111537	0.00102612	0.00082479	0.000615038	0.000442402	0.000312941	0.000219736	0.000153814	0.000107534	7.51375e-05	5.24815e-05	3.66401e-05	2.55623e-05	1.78142e-05	1.23938e-05	8.60133e-06	5.94747e-06	4.09022e-06	2.79037e-06	1.88058e-06	1.24378e-06	7.98048e-07	4.86051e-07	2.67658e-07	1.14784e-07	5.18372e-08
61.0532	0.001099	0.00101018	0.00081041	0.000603263	0.000433483	0.000306478	0.000215153	0.000150594	0.000105281	7.3563e-05	5.13822e-05	3.5873e-05	2.50273e-05	1.74415e-05	1.21346e-05	8.42146e-06	5.82312e-06	4.00471e-06	2.73203e-06	1.84127e-06	1.21778e-06	7.81366e-07	4.75891e-07	2.62063e-07	1.12385e-07	5.07537e-08
63.6958	0.00108189	0.000993695	0.000795823	0.000591493	0.000424636	0.000300091	0.00021063	0.000147419	0.000103059	7.20113e-05	5.02989e-05	3.5117e-05	2.45002e-05	1.70742e-05	1.18791e-05	8.24421e-06	5.70057e-06	3.92044e-06	2.67455e-06	1.80252e-06	1.19216e-06	7.64926e-07	4.65879e-07	2.56549e-07	1.1002e-07	4.96859e-08
66.4518	0.00106405	0.00097666	0.000781015	0.000579705	0.000415841	0.000293765	0.000206158	0.000144281	0.000100865	7.04785e-05	4.92288e-05	3.43704e-05	2.39795e-05	1.67114e-05	1.16268e-05	8.06913e-06	5.57952e-06	3.8372e-06	2.61776e-06	1.76426e-06	1.16685e-06	7.48688e-07	4.55989e-07	2.51103e-07	1.07685e-07	4.86312e-08
69.3261	0.00104549	0.000959079	0.000765972	0.000567879	0.00040708	0.000287483	0.000201724	0.000141173	9.86918e-05	6.89608e-05	4.81694e-05	3.3631e-05	2.34639e-05	1.63523e-05	1.1377e-05	7.89577e-06	5.45967e-06	3.75478e-06	2.56154e-06	1.72637e-06	1.14179e-06	7.32609e-07	4.46196e-07	2.45711e-07	1.05372e-07	4.75868e-08
72.3238	0.00102623	0.00094095	0.000750674	0.000555993	0.000398331	0.000281231	0.000197317	0.000138086	9.65339e-05	6.74539e-05	4.71174e-05	3.2897e-05	2.2952e-05	1.59956e-05	1.11289e-05	7.72363e-06	5.34066e-06	3.67294e-06	2.50571e-06	1.68874e-06	1.11691e-06	7.16644e-07	4.36473e-07	2.40356e-07	1.03076e-07	4.65498e-08
75.4502	0.00100627	0.000922286	0.00073512	0.000544029	0.000389577	0.000274993	0.000192927	0.000135012	9.43861e-05	6.59542e-05	4.60706e-05	3.21665e-05	2.24426e-05	1.56407e-05	1.08821e-05	7.55234e-06	5.22223e-06	3.5915e-06	2.45016e-06	1.6513e-06	1.09215e-06	7.00757e-07	4.26797e-07	2.35028e-07	1.00791e-07	4.55179e-08
78.7108	0.000985648	0.000903088	0.000719292	0.000531967	0.000380798	0.000268754	0.000188542	0.000131943	9.22423e-05	6.44574e-05	4.50258e-05	3.14375e-05	2.19342e-05	1.52865e-05	1.06357e-05	7.38138e-06	5.10403e-06	3.51022e-06	2.39471e-06	1.61393e-06	1.06743e-06	6.849e-07	4.17139e-07	2.2971e-07	9.85104e-08	4.44879e-08
82.1114	0.000964368	0.000883364	0.00070318	0.000519787	0.000371976	0.0002625	0.00018415	0.000128872	9.00971e-05	6.29598e-05	4.39805e-05	3.07081e-05	2.14255e-05	1.49321e-05	1.03892e-05	7.21033e-06	4.98577e-06	3.42889e-06	2.33923e-06	1.57654e-06	1.0427e-06	6.69034e-07	4.07476e-07	2.24389e-07	9.62284e-08	4.34574e-08
85.658	0.000942453	0.000863125	0.000686776	0.000507473	0.000363094	0.000256217	0.000179743	0.00012579	8.79454e-05	6.14577e-05	4.29321e-05	2.99765e-05	2.09153e-05	1.45767e-05	1.01419e-05	7.03875e-06	4.86714e-06	3.34731e-06	2.28358e-06	1.53904e-06	1.0179e-06	6.53119e-07	3.97783e-07	2.19051e-07	9.39395e-08	4.24237e-08
89.3569	0.000919927	0.000842383	0.000670074	0.000495009	0.000354137	0.000249892	0.00017531	0.000122692	8.57823e-05	5.99477e-05	4.18782e-05	2.92411e-05	2.04024e-05	1.42193e-05	9.89335e-06	6.86628e-06	4.74789e-06	3.26531e-06	2.22764e-06	1.50134e-06	9.92966e-07	6.37121e-07	3.8804e-07	2.13686e-07	9.16385e-08	4.13845e-08
93.2146	0.000896815	0.000821152	0.000653071	0.000482384	0.00034509	0.000243513	0.000170843	0.000119571	8.36035e-05	5.84269e-05	4.08167e-05	2.85004e-05	1.98858e-05	1.38594e-05	9.64299e-06	6.69255e-06	4.62777e-06	3.1827e-06	2.17129e-06	1.46336e-06	9.6785e-07	6.21006e-07	3.78225e-07	2.08281e-07	8.93207e-08	4.03378e-08
97.2378	0.000873143	0.000799449	0.000635766	0.000469586	0.000335943	0.000237072	0.000166335	0.000116422	8.14052e-05	5.68924e-05	3.97456e-05	2.7753e-05	1.93646e-05	1.34963e-05	9.39037e-06	6.51725e-06	4.50657e-06	3.09936e-06	2.11443e-06	1.42505e-06	9.42507e-07	6.04746e-07	3.68322e-07	2.02827e-07	8.6982e-08	3.92816e-08
101.434	0.000848942	0.000777295	0.000618163	0.000456608	0.000326687	0.000230561	0.000161778	0.000113241	7.91842e-05	5.53421e-05	3.86635e-05	2.69979e-05	1.88379e-05	1.31293e-05	9.13513e-06	6.34013e-06	4.38411e-06	3.01514e-06	2.05698e-06	1.38633e-06	9.16901e-07	5.88316e-07	3.58315e-07	1.97317e-07	8.46189e-08	3.82144e-08
105.81	0.000824238	0.000754706	0.000600262	0.000443446	0.000317312	0.000223971	0.00015717	0.000110022	7.69376e-05	5.3774e-05	3.75689e-05	2.62341e-05	1.83052e-05	1.27581e-05	8.87691e-06	6.16095e-06	4.26022e-06	2.92994e-06	1.99886e-06	1.34716e-06	8.90994e-07	5.71694e-07	3.48192e-07	1.91742e-07	8.22282e-08	3.71348e-08
110.374	0.000799074	0.000731719	0.000582081	0.000430101	0.000307818	0.000217301	0.000152505	0.000106765	7.46643e-05	5.21871e-05	3.64613e-05	2.54611e-05	1.77661e-05	1.23825e-05	8.61561e-06	5.97961e-06	4.13484e-06	2.84372e-06	1.94004e-06	1.30752e-06	8.64778e-07	5.54872e-07	3.37947e-07	1.86101e-07	7.98088e-08	3.60422e-08
115.134	0.000773484	0.000708355	0.000563629	0.000416575	0.000298203	0.000210548	0.000147783	0.000103468	7.23627e-05	5.05804e-05	3.53397e-05	2.46784e-05	1.72201e-05	1.20021e-05	8.351e-06	5.79599e-06	4.00789e-06	2.75641e-06	1.88048e-06	1.26738e-06	8.3823e-07	5.37839e-07	3.27572e-07	1.80388e-07	7.73588e-08	3.49358e-08
120.098	0.000747507	0.000684647	0.000544923	0.000402874	0.000288467	0.000203711	0.000143003	0.00010013	7.00326e-05	4.89538e-05	3.42042e-05	2.38859e-05	1.66674e-05	1.1617e-05	8.08307e-06	5.61006e-06	3.87933e-06	2.668e-06	1.82017e-06	1.22673e-06	8.11347e-07	5.2059e-07	3.17067e-07	1.74603e-07	7.4878e-08	3.38154e-08
125.276	0.000721185	0.00066063	0.000525981	0.000389006	0.000278616	0.000196794	0.000138166	9.67526e-05	6.76744e-05	4.73074e-05	3.30548e-05	2.30837e-05	1.61079e-05	1.12271e-05	7.81185e-06	5.42185e-06	3.74919e-06	2.57851e-06	1.75911e-06	1.18558e-06	7.84134e-07	5.03129e-07	3.06433e-07	1.68747e-07	7.23666e-08	3.26813e-08
130.675	0.000694565	0.000636343	0.000506829	0.000374986	0.000268655	0.000189799	0.000133275	9.33364e-05	6.52892e-05	4.5642e-05	3.18922e-05	2.22722e-05	1.55418e-05	1.08327e-05	7.53747e-06	5.23144e-06	3.61754e-06	2.48797e-06	1.69735e-06	1.14396e-06	7.56603e-07	4.85465e-07	2.95674e-07	1.62822e-07	6.98259e-08	3.15339e-08
136.307	0.000667695	0.000611826	0.000487494	0.00036083	0.000258596	0.000182734	0.000128333	8.98846e-05	6.28789e-05	4.3959e-05	3.07171e-05	2.14521e-05	1.49697e-05	1.0434e-05	7.26014e-06	5.03898e-06	3.48446e-06	2.39645e-06	1.63492e-06	1.10188e-06	7.28776e-07	4.6761e-07	2.848e-07	1.56834e-07	6.72578e-08	3.03741e-08
142.18	0.000640624	0.000587123	0.000468005	0.000346556	0.00024845	0.000175605	0.000123346	8.64007e-05	6.04458e-05	4.226e-05	2.95308e-05	2.0624e-05	1.43921e-05	1.00315e-05	6.98012e-06	4.84465e-06	3.3501e-06	2.30405e-06	1.57188e-06	1.0594e-06	7.00677e-07	4.49581e-07	2.73819e-07	1.50787e-07	6.46648e-08	2.92031e-08
148.305	0.000613414	0.000562288	0.000448402	0.00033219	0.000238234	0.000168425	0.000118322	8.28901e-05	5.79939e-05	4.05477e-05	2.83352e-05	1.97895e-05	1.38099e-05	9.62585e-06	6.69788e-06	4.64878e-06	3.21466e-06	2.2109e-06	1.50834e-06	1.01657e-06	6.72355e-07	4.31409e-07	2.62751e-07	1.44692e-07	6.2051e-08	2.80227e-08
154.694	0.000586121	0.00053737	0.000428722	0.000317757	0.000227965	0.000161205	0.000113268	7.93582e-05	5.55268e-05	3.88246e-05	2.7132e-05	1.89495e-05	1.3224e-05	9.21752e-06	6.4138e-06	4.45164e-06	3.07835e-06	2.11716e-06	1.44438e-06	9.73473e-07	6.43848e-07	4.13118e-07	2.51611e-07	1.38558e-07	5.94202e-08	2.68346e-08
161.357	0.000558806	0.000512425	0.000409005	0.000303287	0.000217663	0.000153959	0.000108194	7.58117e-05	5.30491e-05	3.7094e-05	2.59234e-05	1.81058e-05	1.26354e-05	8.80735e-06	6.12844e-06	4.2536e-06	2.94141e-06	2.02298e-06	1.38014e-06	9.30174e-07	6.15211e-07	3.94743e-07	2.4042e-07	1.32395e-07	5.67774e-08	2.56411e-08
168.305	0.000531534	0.00048751	0.000389296	0.00028881	0.00020735	0.000146701	0.000103111	7.22579e-05	5.05661e-05	3.53594e-05	2.4712e-05	1.72601e-05	1.20454e-05	8.39618e-06	5.84238e-06	4.05507e-06	2.80413e-06	1.92858e-06	1.31573e-06	8.86767e-07	5.86503e-07	3.76323e-07	2.29202e-07	1.26217e-07	5.4128e-08	2.44446e-08
175.552	0.000504372	0.000462687	0.000369643	0.000274362	0.00019705	0.000139449	9.80304e-05	6.8705e-05	4.80832e-05	3.36249e-05	2.35005e-05	1.64143e-05	1.14553e-05	7.98495e-06	5.55627e-06	3.8565e-06	2.66683e-06	1.83415e-06	1.25132e-06	8.43353e-07	5.57789e-07	3.579e-07	2.17981e-07	1.20038e-07	5.14781e-08	2.32479e-08
183.11	0.00047739	0.000438019	0.000350096	0.000259978	0.000186788	0.00013222	9.29645e-05	6.51618e-05	4.56068e-05	3.18947e-05	2.2292e-05	1.55705e-05	1.08666e-05	7.57468e-06	5.27082e-06	3.6584e-06	2.52985e-06	1.73994e-06	1.18705e-06	8.00037e-07	5.29141e-07	3.39518e-07	2.06785e-07	1.13873e-07	4.88343e-08	2.20539e-08
190.993	0.000450656	0.000413568	0.000330703	0.000245694	0.000176591	0.000125034	8.79264e-05	6.16372e-05	4.31431e-05	3.01731e-05	2.10894e-05	1.47309e-05	1.02808e-05	7.16639e-06	4.98675e-06	3.46125e-06	2.39352e-06	1.64619e-06	1.12308e-06	7.5693e-07	5.0063e-07	3.21225e-07	1.95644e-07	1.07738e-07	4.62031e-08	2.08657e-08
199.214	0.00042425	0.000389409	0.000311524	0.000231554	0.000166488	0.000117911	8.2931e-05	5.81417e-05	4.06993e-05	2.84654e-05	1.98965e-05	1.38979e-05	9.69959e-06	6.76133e-06	4.70492e-06	3.26565e-06	2.25827e-06	1.55317e-06	1.05963e-06	7.14161e-07	4.72344e-07	3.03075e-07	1.8459e-07	1.0165e-07	4.35926e-08	1.96867e-08
207.788	0.000398242	0.000365605	0.00029261	0.000217596	0.000156509	0.000110871	7.79923e-05	5.46852e-05	3.82824e-05	2.67763e-05	1.87164e-05	1.30739e-05	9.12465e-06	6.36062e-06	4.42612e-06	3.07215e-06	2.12447e-06	1.46114e-06	9.96846e-07	6.7185e-07	4.4436e-07	2.85119e-07	1.73654e-07	9.56282e-08	4.101e-08	1.85204e-08
216.73	0.000372706	0.000342224	0.000274016	0.000203862	0.000146682	0.000103935	7.31251e-05	5.12779e-05	3.58997e-05	2.51109e-05	1.75529e-05	1.22614e-05	8.5577e-06	5.96547e-06	4.15117e-06	2.88132e-06	1.99252e-06	1.3704e-06	9.34935e-07	6.30125e-07	4.16763e-07	2.67412e-07	1.62869e-07	8.96893e-08	3.84631e-08	1.73702e-08
226.056	0.000347716	0.000319334	0.000255796	0.000190391	0.000137038	9.71242e-05	6.83442e-05	4.79304e-05	3.35584e-05	2.34743e-05	1.64094e-05	1.14629e-05	8.00049e-06	5.5771e-06	3.88095e-06	2.69377e-06	1.86283e-06	1.2812e-06	8.74085e-07	5.89113e-07	3.89638e-07	2.50008e-07	1.52269e-07	8.38521e-08	3.59599e-08	1.62397e-08
235.782	0.000323342	0.000297001	0.000238005	0.000177226	0.000127605	9.04599e-05	6.36647e-05	4.46532e-05	3.1266e-05	2.18717e-05	1.52895e-05	1.06808e-05	7.45477e-06	5.19673e-06	3.61628e-06	2.51008e-06	1.7358e-06	1.19384e-06	8.14485e-07	5.48946e-07	3.63072e-07	2.32962e-07	1.41887e-07	7.81349e-08	3.35081e-08	1.51325e-08
245.926	0.000299654	0.000275289	0.000220694	0.000164405	0.000118412	8.39626e-05	5.91009e-05	4.14563e-05	2.90295e-05	2.03081e-05	1.41969e-05	9.91776e-06	6.92226e-06	4.82557e-06	3.35802e-06	2.33083e-06	1.61185e-06	1.10859e-06	7.56326e-07	5.09748e-07	3.37147e-07	2.16328e-07	1.31756e-07	7.25558e-08	3.11155e-08	1.4052e-08
256.505	0.000276717	0.000254257	0.000203911	0.000151965	0.000109487	7.76514e-05	5.46666e-05	3.83496e-05	2.68557e-05	1.87882e-05	1.31348e-05	9.17594e-06	6.40459e-06	4.46473e-06	3.10694e-06	2.15656e-06	1.49134e-06	1.02571e-06	6.99783e-07	4.7164e-07	3.11942e-07	2.00155e-07	1.21906e-07	6.71317e-08	2.87894e-08	1.30015e-08
267.539	0.000254596	0.000233968	0.000187709	0.000139945	0.000100859	7.15469e-05	5.03761e-05	3.53431e-05	2.47518e-05	1.7317e-05	1.21066e-05	8.45784e-06	5.90344e-06	4.11541e-06	2.86387e-06	1.98786e-06	1.37468e-06	9.45476e-07	6.45044e-07	4.34747e-07	2.87541e-07	1.84499e-07	1.12371e-07	6.18806e-08	2.65374e-08	1.19845e-08
279.046	0.000233347	0.000214473	0.00017213	0.000128378	9.25494e-05	6.5666e-05	4.62418e-05	3.24454e-05	2.27239e-05	1.58988e-05	1.11154e-05	7.76553e-06	5.42029e-06	3.77863e-06	2.62952e-06	1.8252e-06	1.2622e-06	8.68116e-07	5.92266e-07	3.99176e-07	2.64015e-07	1.69404e-07	1.03177e-07	5.68177e-08	2.43662e-08	1.1004e-08
291.047	0.000213021	0.000195818	0.000157211	0.000117294	8.45825e-05	6.00252e-05	4.2275e-05	2.96648e-05	2.07776e-05	1.45376e-05	1.01641e-05	7.10098e-06	4.9565e-06	3.45534e-06	2.40456e-06	1.66905e-06	1.15422e-06	7.93853e-07	5.41601e-07	3.6503e-07	2.41431e-07	1.54913e-07	9.43508e-08	5.19574e-08	2.22819e-08	1.00627e-08
303.564	0.000193662	0.000178046	0.000142989	0.000106719	7.69778e-05	5.46387e-05	3.84862e-05	2.70084e-05	1.8918e-05	1.3237e-05	9.25496e-06	6.46597e-06	4.51331e-06	3.1464e-06	2.18958e-06	1.51984e-06	1.05104e-06	7.22885e-07	4.93185e-07	3.32398e-07	2.19848e-07	1.41064e-07	8.59164e-08	4.73128e-08	2.029e-08	9.16314e-09
316.618	0.000175307	0.000161192	0.000129493	9.66779e-05	6.97526e-05	4.95191e-05	3.48842e-05	2.44825e-05	1.71497e-05	1.20002e-05	8.39035e-06	5.862e-06	4.09178e-06	2.85256e-06	1.98511e-06	1.37791e-06	9.52891e-07	6.55383e-07	4.47132e-07	3.0136e-07	1.9932e-07	1.27892e-07	7.7894e-08	4.2895e-08	1.83955e-08	8.30754e-09
330.232	0.000157986	0.000145283	0.000116746	8.71878e-05	6.29207e-05	4.46765e-05	3.14764e-05	2.20925e-05	1.54762e-05	1.08295e-05	7.57205e-06	5.29037e-06	3.6928e-06	2.57443e-06	1.79157e-06	1.24358e-06	8.59993e-07	5.91491e-07	4.03542e-07	2.71981e-07	1.79889e-07	1.15425e-07	7.03004e-08	3.87133e-08	1.66022e-08	7.49767e-09
344.43	0.00014172	0.00013034	0.000104766	7.82633e-05	5.64929e-05	4.01189e-05	2.82684e-05	1.98422e-05	1.39005e-05	9.72725e-06	6.80146e-06	4.75204e-06	3.31708e-06	2.31251e-06	1.6093e-06	1.11706e-06	7.72505e-07	5.31318e-07	3.62491e-07	2.44313e-07	1.61589e-07	1.03683e-07	6.31489e-08	3.47751e-08	1.49133e-08	6.73496e-09
359.239	0.000126521	0.000116374	9.35636e-05	6.99135e-05	5.04765e-05	3.58515e-05	2.52641e-05	1.77346e-05	1.24246e-05	8.69466e-06	6.07957e-06	4.24773e-06	2.96508e-06	2.06712e-06	1.43854e-06	9.98538e-07	6.9054e-07	4.74944e-07	3.2403e-07	2.18391e-07	1.44444e-07	9.26821e-08	5.64489e-08	3.10855e-08	1.3331e-08	6.02039e-09
374.683	0.000112391	0.000103387	8.31413e-05	6.21412e-05	4.4874e-05	3.18767e-05	2.24652e-05	1.57708e-05	1.10493e-05	7.73242e-06	5.40684e-06	3.77775e-06	2.63703e-06	1.83844e-06	1.2794e-06	8.88075e-07	6.1415e-07	4.22405e-07	2.88186e-07	1.94233e-07	1.28466e-07	8.24297e-08	5.02045e-08	2.76469e-08	1.18563e-08	5.35442e-09
390.79	9.93299e-05	9.138e-05	7.35017e-05	5.49489e-05	3.96874e-05	2.8196e-05	1.98728e-05	1.39518e-05	9.77515e-06	6.84095e-06	4.78357e-06	3.34231e-06	2.3331e-06	1.62655e-06	1.13195e-06	7.85728e-07	5.43372e-07	3.73726e-07	2.54974e-07	1.71849e-07	1.13661e-07	7.29303e-08	4.44189e-08	2.44608e-08	1.049e-08	4.73737e-09
407.588	8.7321e-05	8.03389e-05	6.46336e-05	4.83294e-05	3.49122e-05	2.48063e-05	1.74852e-05	1.22761e-05	8.60144e-06	6.01969e-06	4.20937e-06	2.94114e-06	2.05308e-06	1.43134e-06	9.96101e-07	6.91431e-07	4.78162e-07	3.28875e-07	2.24375e-07	1.51226e-07	1.00021e-07	6.41781e-08	3.90883e-08	2.15253e-08	9.23112e-09	4.16885e-09
425.108	7.63429e-05	7.02439e-05	5.65223e-05	4.22724e-05	3.05414e-05	2.17031e-05	1.52989e-05	1.07417e-05	7.52655e-06	5.26754e-06	3.68347e-06	2.57371e-06	1.7966e-06	1.25254e-06	8.71674e-07	6.05062e-07	4.18434e-07	2.87795e-07	1.96348e-07	1.32336e-07	8.75275e-08	5.61617e-08	3.42058e-08	1.88366e-08	8.07807e-09	3.64812e-09
443.38	6.63665e-05	6.10686e-05	4.91474e-05	3.67632e-05	2.65648e-05	1.88791e-05	1.33091e-05	9.34502e-06	6.54811e-06	4.58286e-06	3.20473e-06	2.23923e-06	1.56312e-06	1.08977e-06	7.58399e-07	5.26435e-07	3.64059e-07	2.50397e-07	1.70834e-07	1.15139e-07	7.61537e-08	4.88637e-08	2.97609e-08	1.63889e-08	7.02836e-09	3.17407e-09
462.436	5.73554e-05	5.27801e-05	4.24832e-05	3.17833e-05	2.29692e-05	1.63253e-05	1.15094e-05	8.08169e-06	5.66303e-06	3.96349e-06	2.77164e-06	1.93663e-06	1.3519e-06	9.42513e-07	6.55922e-07	4.55302e-07	3.14868e-07	2.16563e-07	1.47751e-07	9.9582e-08	6.58639e-08	4.22613e-08	2.57397e-08	1.41744e-08	6.0787e-09	2.74519e-09
482.31	4.92673e-05	4.53397e-05	3.64992e-05	2.73104e-05	1.9739e-05	1.40305e-05	9.89211e-06	6.94629e-06	4.86755e-06	3.40679e-06	2.38237e-06	1.66465e-06	1.16204e-06	8.10152e-07	5.63809e-07	3.91364e-07	2.70651e-07	1.86152e-07	1.27002e-07	8.55978e-08	5.66148e-08	3.63267e-08	2.21251e-08	1.2184e-08	5.22509e-09	2.35969e-09
503.038	4.20546e-05	3.8704e-05	3.1161e-05	2.33191e-05	1.68559e-05	1.1982e-05	8.44827e-06	5.93261e-06	4.15731e-06	2.90973e-06	2.0348e-06	1.4218e-06	9.92519e-07	6.91966e-07	4.81561e-07	3.34272e-07	2.31169e-07	1.58996e-07	1.08476e-07	7.31111e-08	4.8356e-08	3.10275e-08	1.88976e-08	1.04066e-08	4.46287e-09	2.01547e-09
524.655	3.56655e-05	3.28253e-05	2.64308e-05	1.97815e-05	1.43001e-05	1.01659e-05	7.16805e-06	5.03374e-06	3.52749e-06	2.46895e-06	1.72657e-06	1.20643e-06	8.4218e-07	5.87154e-07	4.0862e-07	2.83641e-07	1.96155e-07	1.34914e-07	9.20453e-08	6.20374e-08	4.10318e-08	2.63279e-08	1.60353e-08	8.83039e-09	3.78691e-09	1.7102e-09
547.201	3.00447e-05	2.76532e-05	2.22683e-05	1.66678e-05	1.20502e-05	8.56691e-06	6.04082e-06	4.24226e-06	2.97289e-06	2.0808e-06	1.45514e-06	1.01678e-06	7.09789e-07	4.94855e-07	3.44386e-07	2.39054e-07	1.6532e-07	1.13706e-07	7.75763e-08	5.22855e-08	3.45818e-08	2.21893e-08	1.35146e-08	7.4423e-09	3.19163e-09	1.44137e-09
570.714	2.51349e-05	2.3135e-05	1.86314e-05	1.39468e-05	1.00837e-05	7.16922e-06	5.05542e-06	3.55032e-06	2.48803e-06	1.74145e-06	1.21784e-06	8.50965e-07	5.94042e-07	4.14158e-07	2.88227e-07	2.00072e-07	1.38362e-07	9.51643e-08	6.49261e-08	4.37594e-08	2.89427e-08	1.8571e-08	1.13108e-08	6.2287e-09	2.67118e-09	1.20633e-09
595.237	2.08773e-05	1.92167e-05	1.5477e-05	1.15864e-05	8.37759e-06	5.95649e-06	4.20038e-06	2.9499e-06	2.06728e-06	1.44697e-06	1.0119e-06	7.07072e-07	4.93594e-07	3.44128e-07	2.39491e-07	1.66242e-07	1.14966e-07	7.90732e-08	5.39479e-08	3.63602e-08	2.40488e-08	1.54309e-08	9.39832e-09	5.17551e-09	2.21952e-09	1.00235e-09
620.813	1.72131e-05	1.58444e-05	1.27617e-05	9.55431e-06	6.90863e-06	4.91223e-06	3.46408e-06	2.43284e-06	1.70495e-06	1.19336e-06	8.34555e-07	5.83151e-07	4.07088e-07	2.83817e-07	1.97519e-07	1.37107e-07	9.48179e-08	6.52153e-08	4.44933e-08	2.9988e-08	1.98342e-08	1.27265e-08	7.75123e-09	4.26848e-09	1.83054e-09	8.26686e-10
647.486	1.40839e-05	1.29643e-05	1.04425e-05	7.81844e-06	5.65369e-06	4.02006e-06	2.83498e-06	1.99105e-06	1.39535e-06	9.76672e-07	6.83018e-07	4.77265e-07	3.33172e-07	2.32284e-07	1.61655e-07	1.12212e-07	7.76017e-08	5.33741e-08	3.64146e-08	2.4543e-08	1.62329e-08	1.04158e-08	6.34383e-09	3.49345e-09	1.49817e-09	6.76584e-10
675.305	1.1433e-05	1.05243e-05	8.47753e-06	6.34753e-06	4.59021e-06	3.26396e-06	2.30182e-06	1.61662e-06	1.13295e-06	7.93011e-07	5.54581e-07	3.87519e-07	2.70522e-07	1.88605e-07	1.31257e-07	9.1112e-08	6.30096e-08	4.33377e-08	2.95673e-08	1.9928e-08	1.31805e-08	8.45721e-09	5.15095e-09	2.83655e-09	1.21645e-09	5.49361e-10
704.318	9.20571e-06	8.47417e-06	6.82635e-06	5.11141e-06	3.69643e-06	2.62848e-06	1.85369e-06	1.3019e-06	9.124e-07	6.38638e-07	4.46623e-07	3.12083e-07	2.17861e-07	1.51891e-07	1.05707e-07	7.33761e-08	5.07441e-08	3.49015e-08	2.38117e-08	1.60488e-08	1.06148e-08	6.81093e-09	4.14827e-09	2.28439e-09	9.79659e-10	4.42422e-10
734.577	7.35016e-06	6.76616e-06	5.45063e-06	4.08144e-06	2.95167e-06	2.09893e-06	1.48025e-06	1.03963e-06	7.28601e-07	5.09988e-07	3.56655e-07	2.49217e-07	1.73975e-07	1.21294e-07	8.44133e-08	5.85953e-08	4.05223e-08	2.78711e-08	1.90151e-08	1.2816e-08	8.47655e-09	5.43895e-09	3.31265e-09	1.82423e-09	7.82319e-10	3.53302e-10
766.135	5.81783e-06	5.35563e-06	4.31446e-06	3.23077e-06	2.33651e-06	1.66152e-06	1.17178e-06	8.2299e-07	5.76776e-07	4.03719e-07	2.82337e-07	1.97287e-07	1.37724e-07	9.60198e-08	6.68239e-08	4.63857e-08	3.20786e-08	2.20635e-08	1.50529e-08	1.01455e-08	6.71028e-09	4.30563e-09	2.62239e-09	1.44411e-09	6.19306e-10	2.79684e-10
799.047	4.5638e-06	4.20127e-06	3.38458e-06	2.53451e-06	1.83301e-06	1.30349e-06	9.1929e-07	6.45658e-07	4.52498e-07	3.1673e-07	2.21502e-07	1.54778e-07	1.08049e-07	7.53309e-08	5.24257e-08	3.63912e-08	2.51668e-08	1.73096e-08	1.18096e-08	7.9595e-09	5.26446e-09	3.37792e-09	2.05736e-09	1.13296e-09	4.85868e-10	2.19422e-10
833.373	3.54705e-06	3.26531e-06	2.63061e-06	1.96994e-06	1.42472e-06	1.01316e-06	7.14539e-07	5.01855e-07	3.51717e-07	2.46188e-07	1.7217e-07	1.20306e-07	8.39845e-08	5.85534e-08	4.07496e-08	2.82863e-08	1.95617e-08	1.34545e-08	9.17937e-09	6.18679e-09	4.09198e-09	2.6256e-09	1.59915e-09	8.80628e-10	3.77657e-10	1.70553e-10
869.172	2.73058e-06	2.51371e-06	2.02513e-06	1.51655e-06	1.09683e-06	7.79988e-07	5.50097e-07	3.86361e-07	2.70775e-07	1.89532e-07	1.32548e-07	9.26202e-08	6.46572e-08	4.50785e-08	3.13719e-08	2.17768e-08	1.506e-08	1.03582e-08	7.06693e-09	4.76303e-09	3.15029e-09	2.02138e-09	1.23114e-09	6.7797e-10	2.90747e-10	1.31304e-10
906.508	2.0814e-06	1.91609e-06	1.54369e-06	1.15603e-06	8.36092e-07	5.94575e-07	4.19334e-07	2.9452e-07	2.06411e-07	1.4448e-07	1.01041e-07	7.06041e-08	4.9288e-08	3.43632e-08	2.39147e-08	1.66004e-08	1.14802e-08	7.89604e-09	5.38711e-09	3.63085e-09	2.40146e-09	1.54089e-09	9.38495e-10	5.16815e-10	2.21636e-10	1.00093e-10
945.447	1.57048e-06	1.44575e-06	1.16477e-06	8.72275e-07	6.30875e-07	4.4864e-07	3.16412e-07	2.22233e-07	1.55749e-07	1.09019e-07	7.62417e-08	5.32752e-08	3.71909e-08	2.59292e-08	1.80452e-08	1.2526e-08	8.66255e-09	5.95806e-09	4.06491e-09	2.7397e-09	1.81205e-09	1.1627e-09	7.08154e-10	3.8997e-10	1.67238e-10	7.55262e-11
986.057	1.17258e-06	1.07946e-06	8.69677e-07	6.51289e-07	4.71048e-07	3.34983e-07	2.36253e-07	1.65934e-07	1.16293e-07	8.14008e-08	5.69272e-08	3.97789e-08	2.77693e-08	1.93605e-08	1.34738e-08	9.3528e-09	6.46805e-09	4.4487e-09	3.03514e-09	2.04565e-09	1.353e-09	8.68151e-10	5.28756e-10	2.91178e-10	1.24872e-10	5.63931e-11
1028.41	8.66063e-07	7.97287e-07	6.42343e-07	4.81044e-07	3.4792e-07	2.47421e-07	1.74499e-07	1.22561e-07	8.58954e-08	6.01237e-08	4.20472e-08	2.93812e-08	2.05107e-08	1.43e-08	9.95191e-09	6.90811e-09	4.77739e-09	3.28587e-09	2.2418e-09	1.51095e-09	9.99347e-10	6.41228e-10	3.90547e-10	2.15068e-10	9.2232e-11	4.16527e-11
1072.58	6.3256e-07	5.82328e-07	4.69161e-07	3.51351e-07	2.54119e-07	1.80716e-07	1.27454e-07	8.95182e-08	6.27379e-08	4.39143e-08	3.07113e-08	2.146e-08	1.4981e-08	1.04447e-08	7.26888e-09	5.04569e-09	3.48941e-09	2.4e-09	1.63741e-09	1.1036e-09	7.29924e-10	4.68353e-10	2.85255e-10	1.57086e-10	6.73663e-11	3.04232e-11
1118.65	4.5672e-07	4.20453e-07	3.38744e-07	2.53684e-07	1.8348e-07	1.30482e-07	9.20255e-08	6.46347e-08	4.52986e-08	3.17075e-08	2.21745e-08	1.54948e-08	1.08168e-08	7.54139e-09	5.24835e-09	3.64314e-09	2.51946e-09	1.73287e-09	1.18226e-09	7.96829e-10	5.27027e-10	3.38165e-10	2.05963e-10	1.13421e-10	4.86405e-11	2.19664e-11
1166.7	3.25869e-07	2.99992e-07	2.41694e-07	1.81004e-07	1.30914e-07	9.30993e-08	6.56606e-08	4.61172e-08	3.23208e-08	2.26234e-08	1.58216e-08	1.10556e-08	7.71783e-09	5.38082e-09	3.74473e-09	2.5994e-09	1.79765e-09	1.23642e-09	8.43549e-10	5.68542e-10	3.76037e-10	2.41283e-10	1.46956e-10	8.09264e-11	3.47053e-11	1.56732e-11
1216.81	2.29681e-07	2.11442e-07	1.70353e-07	1.27577e-07	9.22718e-08	6.5619e-08	4.62795e-08	3.25047e-08	2.27806e-08	1.59457e-08	1.11515e-08	7.79232e-09	5.43975e-09	3.79256e-09	2.63939e-09	1.83213e-09	1.26703e-09	8.71461e-10	5.94558e-10	4.00725e-10	2.65042e-10	1.70063e-10	1.03579e-10	5.70393e-11	2.44613e-11	1.10469e-11
1269.07	1.59858e-07	1.47164e-07	1.18565e-07	8.87935e-08	6.42214e-08	4.5671e-08	3.22106e-08	2.26234e-08	1.58554e-08	1.10982e-08	7.7615e-09	5.42349e-09	3.78609e-09	2.63964e-09	1.83703e-09	1.27517e-09	8.81861e-10	6.0654e-10	4.13815e-10	2.78906e-10	1.8447e-10	1.18365e-10	7.20912e-11	3.96996e-11	1.70251e-11	7.68869e-12
1323.57	1.09827e-07	1.01106e-07	8.14581e-08	6.10039e-08	4.41221e-08	3.13775e-08	2.21298e-08	1.5543e-08	1.08932e-08	7.62486e-09	5.33241e-09	3.72612e-09	2.60117e-09	1.81352e-09	1.2621e-09	8.76085e-10	6.05868e-10	4.16713e-10	2.84304e-10	1.91618e-10	1.26737e-10	8.13205e-11	4.95291e-11	2.72749e-11	1.16968e-11	5.28239e-12
1380.42	7.44538e-08	6.85416e-08	5.5222e-08	4.13558e-08	2.99113e-08	2.12714e-08	1.50022e-08	1.05369e-08	7.38473e-09	5.16905e-09	3.61496e-09	2.52601e-09	1.76339e-09	1.22942e-09	8.55604e-10	5.93917e-10	4.10731e-10	2.82499e-10	1.92736e-10	1.29902e-10	8.59178e-11	5.51289e-11	3.35768e-11	1.84903e-11	7.92954e-12	3.58105e-12
1439.7	4.97851e-08	4.58319e-08	3.69254e-08	2.76535e-08	2.00009e-08	1.42236e-08	1.00316e-08	7.04578e-09	4.93797e-09	3.45641e-09	2.41723e-09	1.68908e-09	1.17913e-09	8.22083e-10	5.7212e-10	3.97137e-10	2.74645e-10	1.889e-10	1.28878e-10	8.6862e-11	5.7451e-11	3.68632e-11	2.24519e-11	1.23639e-11	5.30228e-12	2.39455e-12
1501.53	3.2823e-08	3.02166e-08	2.43447e-08	1.82318e-08	1.31865e-08	9.37756e-09	6.61377e-09	4.64524e-09	3.25557e-09	2.27879e-09	1.59366e-09	1.1136e-09	7.77394e-10	5.41994e-10	3.77195e-10	2.6183e-10	1.81072e-10	1.2454e-10	8.49682e-11	5.72676e-11	3.78771e-11	2.43037e-11	1.48024e-11	8.15148e-12	3.49576e-12	1.57871e-12
1566.01	2.1328e-08	1.96344e-08	1.58189e-08	1.18468e-08	8.5684e-09	6.09343e-09	4.29755e-09	3.01842e-09	2.11544e-09	1.48073e-09	1.03554e-09	7.23605e-10	5.05142e-10	3.52182e-10	2.45097e-10	1.70134e-10	1.17658e-10	8.0925e-11	5.52114e-11	3.72118e-11	2.46121e-11	1.57923e-11	9.61845e-12	5.29674e-12	2.2715e-12	1.02583e-12
1633.27	1.36534e-08	1.25692e-08	1.01267e-08	7.58387e-09	5.48517e-09	3.90079e-09	2.75113e-09	1.93228e-09	1.35422e-09	9.4791e-10	6.62917e-10	4.63225e-10	3.23373e-10	2.25454e-10	1.56902e-10	1.08914e-10	7.53206e-11	5.18052e-11	3.53443e-11	2.38216e-11	1.57558e-11	1.01096e-11	6.15738e-12	3.39078e-12	1.45413e-12	6.56699e-13
1703.41	8.6074e-09	7.92392e-09	6.38408e-09	4.78105e-09	3.45798e-09	2.45915e-09	1.73438e-09	1.21816e-09	8.53735e-10	5.97585e-10	4.17919e-10	2.92028e-10	2.03862e-10	1.42131e-10	9.89149e-11	6.86617e-11	4.74839e-11	3.26592e-11	2.22819e-11	1.50177e-11	9.93281e-12	6.37336e-12	3.88176e-12	2.13763e-12	9.1672e-13	4.13998e-13
1776.56	5.34156e-09	4.9174e-09	3.96181e-09	2.96701e-09	2.14594e-09	1.52609e-09	1.07632e-09	7.5596e-10	5.29808e-10	3.70848e-10	2.59351e-10	1.81226e-10	1.26512e-10	8.82035e-11	6.13843e-11	4.26099e-11	2.94674e-11	2.02676e-11	1.38276e-11	9.31966e-12	6.16407e-12	3.95516e-12	2.40893e-12	1.32656e-12	5.68896e-13	2.56918e-13
1852.85	3.26171e-09	3.00271e-09	2.4192e-09	1.81175e-09	1.31038e-09	9.31877e-10	6.57231e-10	4.61612e-10	3.23517e-10	2.26451e-10	1.58367e-10	1.10662e-10	7.72521e-11	5.38597e-11	3.74831e-11	2.60189e-11	1.79937e-11	1.2376e-11	8.44357e-12	5.69087e-12	3.76397e-12	2.41514e-12	1.47097e-12	8.10039e-13	3.47385e-13	1.56882e-13
1932.41	1.95895e-09	1.8034e-09	1.45295e-09	1.08812e-09	7.87001e-10	5.59677e-10	3.94727e-10	2.7724e-10	1.94301e-10	1.36004e-10	9.5114e-11	6.64626e-11	4.63969e-11	3.23476e-11	2.2512e-11	1.56267e-11	1.08068e-11	7.4329e-12	5.07113e-12	3.41788e-12	2.26061e-12	1.45051e-12	8.83448e-13	4.86502e-13	2.08636e-13	9.42218e-14
2015.39	1.1567e-09	1.06485e-09	8.57918e-10	6.42496e-10	4.64697e-10	3.3047e-10	2.33073e-10	1.63701e-10	1.14728e-10	8.03058e-11	5.61615e-11	3.92439e-11	2.73958e-11	1.91002e-11	1.32926e-11	9.22703e-12	6.38107e-12	4.38888e-12	2.99433e-12	2.01814e-12	1.33481e-12	8.56477e-13	5.21646e-13	2.87263e-13	1.23193e-13	5.56347e-14
2101.94	6.71189e-10	6.17892e-10	4.97819e-10	3.72817e-10	2.69647e-10	1.9176e-10	1.35244e-10	9.49896e-11	6.65726e-11	4.65986e-11	3.25885e-11	2.27718e-11	1.58968e-11	1.10831e-11	7.7132e-12	5.35411e-12	3.7027e-12	2.5467e-12	1.7375e-12	1.17105e-12	7.74542e-13	4.96982e-13	3.02692e-13	1.66688e-13	7.14841e-14	3.22828e-14
2192.2	3.82572e-10	3.52194e-10	2.83753e-10	2.12503e-10	1.53697e-10	1.09302e-10	7.70879e-11	5.41433e-11	3.79459e-11	2.65608e-11	1.85752e-11	1.29798e-11	9.06105e-12	6.31731e-12	4.39647e-12	3.0518e-12	2.11051e-12	1.4516e-12	9.90362e-13	6.67492e-13	4.41483e-13	2.83276e-13	1.72532e-13	9.5011e-14	4.07454e-14	1.8401e-14
2286.33	2.14111e-10	1.97109e-10	1.58805e-10	1.1893e-10	8.6018e-11	6.11718e-11	4.31431e-11	3.03019e-11	2.12368e-11	1.48651e-11	1.03958e-11	7.26426e-12	5.07111e-12	3.53555e-12	2.46053e-12	1.70797e-12	1.18117e-12	8.12405e-13	5.54267e-13	3.73569e-13	2.47081e-13	1.58539e-13	9.65596e-14	5.31739e-14	2.28036e-14	1.02983e-14
2384.51	1.17606e-10	1.08267e-10	8.72282e-11	6.53253e-11	4.72477e-11	3.36003e-11	2.36975e-11	1.66441e-11	1.16649e-11	8.16503e-12	5.71018e-12	3.99009e-12	2.78545e-12	1.942e-12	1.35151e-12	9.38152e-13	6.48791e-13	4.46236e-13	3.04446e-13	2.05193e-13	1.35716e-13	8.70816e-14	5.3038e-14	2.92072e-14	1.25255e-14	5.65662e-15
2400	1.04126e-10	9.58578e-11	7.723e-11	5.78377e-11	4.18322e-11	2.9749e-11	2.09813e-11	1.47364e-11	1.03279e-11	7.22916e-12	5.05568e-12	3.53275e-12	2.46618e-12	1.7194e-12	1.1966e-12	8.3062e-13	5.74426e-13	3.95088e-13	2.6955e-13	1.81674e-13	1.2016e-13	7.71003e-14	4.69587e-14	2.58595e-14	1.10898e-14	5.00826e-15
