x	N1	N2	N8	N14	N20	N26	N32	N38	N44	N50	N56	N62	N68	N74	N80	N86	N92	N98	N104	N110	N116	N122	N128	N134	N140	N146
0.01	9.48259e-05	9.4826e-05	9.4826e-05	9.4826e-05	9.4826e-05	9.4826e-05	9.4826e-05	9.4826e-05	9.48261e-05	9.48257e-05	9.48279e-05	9.48022e-05	9.4403e-05	9.26097e-05	8.80315e-05	7.99105e-05	6.87744e-05	5.61126e-05	4.356e-05	3.2297e-05	2.28936e-05	1.54378e-05	9.73959e-06	5.49654e-06	2.39463e-06	1.09113e-06
0.02036	9.49164e-05	9.49165e-05	9.49165e-05	9.49164e-05	9.49165e-05	9.49164e-05	9.49165e-05	9.49164e-05	9.49167e-05	9.49154e-05	9.49243e-05	9.47314e-05	9.32147e-05	8.84135e-05	7.91382e-05	6.62642e-05	5.21086e-05	3.88934e-05	2.78606e-05	1.92993e-05	1.29522e-05	8.37212e-06	5.11692e-06	2.8221e-06	1.21097e-06	5.4699e-07
0.031381	9.49881e-05	9.49875e-05	9.49874e-05	9.49878e-05	9.49876e-05	9.49878e-05	9.49876e-05	9.49879e-05	9.49872e-05	9.49891e-05	9.4988e-05	9.43511e-05	9.11199e-05	8.32509e-05	7.0849e-05	5.62743e-05	4.22583e-05	3.04517e-05	2.12965e-05	1.45339e-05	9.67088e-06	6.22254e-06	3.79446e-06	2.09055e-06	8.9668e-07	4.04968e-07
0.0433274	9.50518e-05	9.50506e-05	9.50504e-05	9.50511e-05	9.50508e-05	9.50511e-05	9.50505e-05	9.50519e-05	9.50481e-05	9.50623e-05	9.49834e-05	9.35703e-05	8.8336e-05	7.79078e-05	6.37738e-05	4.89645e-05	3.58626e-05	2.54307e-05	1.76197e-05	1.19646e-05	7.94117e-06	5.10342e-06	3.11033e-06	1.71323e-06	7.34779e-07	3.3184e-07
0.0564444	9.51106e-05	9.51104e-05	9.51104e-05	9.51105e-05	9.51104e-05	9.51107e-05	9.511e-05	9.51118e-05	9.51055e-05	9.5137e-05	9.48543e-05	9.23631e-05	8.51023e-05	7.27462e-05	5.78104e-05	4.33889e-05	3.13089e-05	2.20095e-05	1.51784e-05	1.02826e-05	6.817e-06	4.37866e-06	2.66799e-06	1.46944e-06	6.30198e-07	2.84606e-07
0.07097	9.5167e-05	9.51691e-05	9.51693e-05	9.51682e-05	9.51686e-05	9.51683e-05	9.51686e-05	9.51688e-05	9.51652e-05	9.52017e-05	9.45459e-05	9.07521e-05	8.16087e-05	6.78999e-05	5.27399e-05	3.89568e-05	2.78398e-05	1.94666e-05	1.33879e-05	9.05739e-06	6.00089e-06	3.85332e-06	2.34759e-06	1.29291e-06	5.54479e-07	2.50409e-07
0.0871454	9.52238e-05	9.52272e-05	9.52276e-05	9.52256e-05	9.52267e-05	9.52256e-05	9.52274e-05	9.52237e-05	9.52316e-05	9.52347e-05	9.40159e-05	8.87847e-05	7.79906e-05	6.3402e-05	4.83702e-05	3.53141e-05	2.50673e-05	1.74655e-05	1.19901e-05	8.10465e-06	5.36746e-06	3.44594e-06	2.09923e-06	1.15609e-06	4.95796e-07	2.23906e-07
0.105223	9.52828e-05	9.52853e-05	9.52856e-05	9.5284e-05	9.52851e-05	9.52836e-05	9.52869e-05	9.52783e-05	9.53057e-05	9.52074e-05	9.32373e-05	8.6518e-05	7.43407e-05	5.92448e-05	4.45551e-05	3.22422e-05	2.27746e-05	1.58277e-05	1.08521e-05	7.33094e-06	4.85367e-06	3.11568e-06	1.89793e-06	1.04521e-06	4.48242e-07	2.0243e-07
0.125473	9.53445e-05	9.5344e-05	9.5344e-05	9.5344e-05	9.53445e-05	9.53432e-05	9.53467e-05	9.53353e-05	9.53839e-05	9.50882e-05	9.21978e-05	8.40102e-05	7.07217e-05	5.5406e-05	4.11862e-05	2.95997e-05	2.08304e-05	1.44491e-05	9.89765e-06	6.68322e-06	4.42391e-06	2.83955e-06	1.72966e-06	9.5252e-07	4.0849e-07	1.84478e-07
0.14819	9.54081e-05	9.54042e-05	9.54039e-05	9.54058e-05	9.54052e-05	9.54052e-05	9.54067e-05	9.53977e-05	9.54579e-05	9.48463e-05	9.08973e-05	8.13164e-05	6.71758e-05	5.18589e-05	3.81828e-05	2.72913e-05	1.91503e-05	1.32644e-05	9.07962e-06	6.12879e-06	4.05628e-06	2.60339e-06	1.58576e-06	8.73267e-07	3.74501e-07	1.69128e-07
0.173699	9.54727e-05	9.54671e-05	9.54664e-05	9.54697e-05	9.54679e-05	9.54698e-05	9.54672e-05	9.54678e-05	9.55143e-05	9.44536e-05	8.93457e-05	7.84866e-05	6.37306e-05	4.85775e-05	3.54839e-05	2.525e-05	1.76771e-05	1.22299e-05	8.36685e-06	5.64617e-06	3.73641e-06	2.39796e-06	1.4606e-06	8.04333e-07	3.44938e-07	1.55777e-07
0.202358	9.55379e-05	9.5533e-05	9.55323e-05	9.55356e-05	9.55331e-05	9.55369e-05	9.5529e-05	9.55469e-05	9.55354e-05	9.38869e-05	8.75599e-05	7.55649e-05	6.04042e-05	4.55371e-05	3.30424e-05	2.34273e-05	1.63705e-05	1.13154e-05	7.73777e-06	5.22055e-06	3.45441e-06	2.21689e-06	1.35028e-06	7.43579e-07	3.18883e-07	1.4401e-07
0.234571	9.56043e-05	9.56025e-05	9.56019e-05	9.56039e-05	9.56015e-05	9.56064e-05	9.55937e-05	9.56338e-05	9.55008e-05	9.3129e-05	8.55623e-05	7.25894e-05	5.72073e-05	4.27158e-05	3.08214e-05	2.17868e-05	1.52008e-05	1.0499e-05	7.17686e-06	4.84129e-06	3.20321e-06	2.0556e-06	1.25203e-06	6.89468e-07	2.95677e-07	1.3353e-07
0.270786	9.56731e-05	9.56752e-05	9.56752e-05	9.56748e-05	9.56735e-05	9.56779e-05	9.56633e-05	9.57247e-05	9.5388e-05	9.21687e-05	8.33784e-05	6.95927e-05	5.41459e-05	4.00938e-05	2.87916e-05	2.03006e-05	1.41458e-05	9.76422e-06	6.6726e-06	4.5005e-06	2.97753e-06	1.91073e-06	1.16377e-06	6.40865e-07	2.74834e-07	1.24117e-07
0.311506	9.57456e-05	9.57513e-05	9.57517e-05	9.5749e-05	9.57495e-05	9.57513e-05	9.57398e-05	9.58127e-05	9.5174e-05	9.10008e-05	8.10356e-05	6.6602e-05	5.12223e-05	3.76536e-05	2.6929e-05	1.89468e-05	1.31883e-05	9.09859e-06	6.21618e-06	4.19217e-06	2.77339e-06	1.77969e-06	1.08395e-06	5.96907e-07	2.55982e-07	1.15603e-07
0.357297	9.58231e-05	9.58304e-05	9.58314e-05	9.58268e-05	9.58296e-05	9.5827e-05	9.58252e-05	9.58877e-05	9.48367e-05	8.96262e-05	7.85621e-05	6.36399e-05	4.84366e-05	3.53795e-05	2.52139e-05	1.77079e-05	1.23149e-05	8.49229e-06	5.80075e-06	3.91162e-06	2.58768e-06	1.66048e-06	1.01134e-06	5.56919e-07	2.38833e-07	1.07859e-07
0.408792	9.59065e-05	9.59127e-05	9.5914e-05	9.59089e-05	9.59137e-05	9.59056e-05	9.59204e-05	9.59362e-05	9.43562e-05	8.80508e-05	7.59856e-05	6.07247e-05	4.57867e-05	3.32577e-05	2.36301e-05	1.65699e-05	1.15146e-05	7.93748e-06	5.42082e-06	3.65512e-06	2.41791e-06	1.55152e-06	9.44964e-07	5.20368e-07	2.23158e-07	1.0078e-07
0.466704	9.59957e-05	9.59987e-05	9.6e-05	9.59959e-05	9.60017e-05	9.59885e-05	9.60248e-05	9.5942e-05	9.37155e-05	8.62853e-05	7.33326e-05	5.78713e-05	4.32697e-05	3.12758e-05	2.21638e-05	1.5521e-05	1.07787e-05	7.4278e-06	5.07198e-06	3.41967e-06	2.26208e-06	1.45151e-06	8.84047e-07	4.86822e-07	2.08772e-07	9.42833e-08
0.5	9.60456e-05	9.60463e-05	9.60474e-05	9.60442e-05	9.60503e-05	9.60347e-05	9.60836e-05	9.5929e-05	9.33188e-05	8.52783e-05	7.18842e-05	5.63547e-05	4.1953e-05	3.02482e-05	2.14071e-05	1.4981e-05	1.04002e-05	7.16586e-06	4.89274e-06	3.29871e-06	2.18203e-06	1.40013e-06	8.52756e-07	4.69591e-07	2.01383e-07	9.0946e-08
0.572105	9.61465e-05	9.61426e-05	9.6143e-05	9.61428e-05	9.61473e-05	9.61307e-05	9.62014e-05	9.58269e-05	9.23669e-05	8.31706e-05	6.90658e-05	5.35293e-05	3.95609e-05	2.84068e-05	2.00607e-05	1.40236e-05	9.73041e-06	6.70266e-06	4.57593e-06	3.08494e-06	2.04058e-06	1.30935e-06	7.97463e-07	4.39142e-07	1.88325e-07	8.50489e-08
0.649789	9.62476e-05	9.62403e-05	9.62398e-05	9.62429e-05	9.62441e-05	9.62316e-05	9.63127e-05	9.56381e-05	9.12714e-05	8.10052e-05	6.63474e-05	5.09046e-05	3.73861e-05	2.6752e-05	1.8858e-05	1.3171e-05	9.13477e-06	6.29103e-06	4.29448e-06	2.89506e-06	1.91494e-06	1.22873e-06	7.48356e-07	4.12099e-07	1.76728e-07	7.98117e-08
0.731936	9.63468e-05	9.63383e-05	9.63368e-05	9.63428e-05	9.63394e-05	9.63363e-05	9.64091e-05	9.53611e-05	9.00678e-05	7.88421e-05	6.37755e-05	4.85005e-05	3.54303e-05	2.52783e-05	1.77923e-05	1.24174e-05	8.60895e-06	5.92787e-06	4.04624e-06	2.72761e-06	1.80415e-06	1.15763e-06	7.05052e-07	3.88253e-07	1.66501e-07	7.51933e-08
0.817654	9.64432e-05	9.64357e-05	9.64334e-05	9.64412e-05	9.64329e-05	9.64437e-05	9.64839e-05	9.49999e-05	8.87894e-05	7.6723e-05	6.13715e-05	4.63147e-05	3.36796e-05	2.397e-05	1.68502e-05	1.17525e-05	8.14553e-06	5.60796e-06	3.82762e-06	2.58016e-06	1.70659e-06	1.09503e-06	6.66923e-07	3.67256e-07	1.57497e-07	7.11268e-08
0.906228	9.65365e-05	9.65317e-05	9.6529e-05	9.65374e-05	9.65244e-05	9.65523e-05	9.65317e-05	9.45626e-05	8.74653e-05	7.46748e-05	5.91404e-05	4.43339e-05	3.21139e-05	2.28081e-05	1.60165e-05	1.11652e-05	7.73649e-06	5.3257e-06	3.63476e-06	2.45009e-06	1.62055e-06	1.03981e-06	6.33292e-07	3.48736e-07	1.49555e-07	6.75401e-08
0.997088	9.6627e-05	9.66258e-05	9.6623e-05	9.66309e-05	9.66143e-05	9.66604e-05	9.65493e-05	9.40591e-05	8.61192e-05	7.27134e-05	5.70778e-05	4.25399e-05	3.07118e-05	2.17738e-05	1.52765e-05	1.06446e-05	7.37423e-06	5.07581e-06	3.46405e-06	2.33497e-06	1.54439e-06	9.9094e-07	6.03527e-07	3.32346e-07	1.42525e-07	6.43657e-08
1	9.66299e-05	9.66288e-05	9.6626e-05	9.66339e-05	9.66172e-05	9.66639e-05	9.65498e-05	9.40429e-05	8.6076e-05	7.26507e-05	5.70119e-05	4.24826e-05	3.0667e-05	2.17408e-05	1.52529e-05	1.0628e-05	7.36268e-06	5.06784e-06	3.45861e-06	2.3313e-06	1.54196e-06	9.89381e-07	6.02577e-07	3.31823e-07	1.42301e-07	6.42644e-08
1.09415	9.67192e-05	9.67219e-05	9.67195e-05	9.67256e-05	9.67071e-05	9.67714e-05	9.65337e-05	9.34727e-05	8.47065e-05	7.07608e-05	5.50875e-05	4.08397e-05	2.9396e-05	2.08081e-05	1.45873e-05	1.01605e-05	7.0375e-06	4.8436e-06	3.30544e-06	2.22801e-06	1.47363e-06	9.45537e-07	5.75874e-07	3.17118e-07	1.35995e-07	6.14165e-08
1.19041	9.6807e-05	9.6813e-05	9.68114e-05	9.6815e-05	9.67965e-05	9.68756e-05	9.64837e-05	9.28519e-05	8.33402e-05	6.89603e-05	5.33033e-05	3.934e-05	2.82455e-05	1.99676e-05	1.39889e-05	9.7405e-06	6.74557e-06	4.64234e-06	3.16798e-06	2.13533e-06	1.41232e-06	9.06194e-07	5.51912e-07	3.03922e-07	1.30336e-07	5.8861e-08
1.28932	9.68941e-05	9.69027e-05	9.69021e-05	9.69025e-05	9.68863e-05	9.69757e-05	9.63989e-05	9.21837e-05	8.19771e-05	6.72363e-05	5.16359e-05	3.79577e-05	2.7193e-05	1.92015e-05	1.34445e-05	9.35881e-06	6.48037e-06	4.45954e-06	3.04315e-06	2.05116e-06	1.35664e-06	8.70468e-07	5.30153e-07	2.9194e-07	1.25198e-07	5.65404e-08
1.39135	9.69813e-05	9.69914e-05	9.69921e-05	9.69889e-05	9.69773e-05	9.70706e-05	9.62785e-05	9.14712e-05	8.06177e-05	6.55793e-05	5.00679e-05	3.66737e-05	2.62217e-05	1.84969e-05	1.29446e-05	9.00864e-06	6.23716e-06	4.29194e-06	2.9287e-06	1.97399e-06	1.3056e-06	8.37715e-07	5.10205e-07	2.80955e-07	1.20487e-07	5.4413e-08
1.49688	9.7069e-05	9.70795e-05	9.70816e-05	9.70746e-05	9.70698e-05	9.71589e-05	9.61216e-05	9.07172e-05	7.92628e-05	6.39823e-05	4.85861e-05	3.54736e-05	2.53191e-05	1.78442e-05	1.24822e-05	8.68495e-06	6.01242e-06	4.13708e-06	2.82297e-06	1.90271e-06	1.25845e-06	8.07459e-07	4.91777e-07	2.70808e-07	1.16135e-07	5.24477e-08
1.60628	9.71576e-05	9.71673e-05	9.71708e-05	9.716e-05	9.71642e-05	9.72391e-05	9.59275e-05	8.99242e-05	7.79133e-05	6.24396e-05	4.71801e-05	3.43463e-05	2.44758e-05	1.72359e-05	1.20519e-05	8.38388e-06	5.80345e-06	3.99312e-06	2.72468e-06	1.83644e-06	1.21461e-06	7.79333e-07	4.74647e-07	2.61375e-07	1.1209e-07	5.06208e-08
1.71985	9.72472e-05	9.7255e-05	9.72599e-05	9.72456e-05	9.72606e-05	9.73098e-05	9.56959e-05	8.90951e-05	7.65703e-05	6.0947e-05	4.58418e-05	3.32829e-05	2.3684e-05	1.66662e-05	1.16493e-05	8.10242e-06	5.60815e-06	3.85859e-06	2.63283e-06	1.77452e-06	1.17366e-06	7.53054e-07	4.58641e-07	2.52561e-07	1.0831e-07	4.89138e-08
1.83792	9.73379e-05	9.7343e-05	9.73491e-05	9.73317e-05	9.73591e-05	9.73692e-05	9.54265e-05	8.82324e-05	7.5235e-05	5.95011e-05	4.45648e-05	3.22765e-05	2.29379e-05	1.61305e-05	1.12712e-05	7.83818e-06	5.42485e-06	3.73233e-06	2.54664e-06	1.71642e-06	1.13523e-06	7.28393e-07	4.43622e-07	2.4429e-07	1.04763e-07	4.7312e-08
1.96074	9.74295e-05	9.74314e-05	9.74384e-05	9.74186e-05	9.74594e-05	9.74157e-05	9.5119e-05	8.73387e-05	7.39087e-05	5.8099e-05	4.33434e-05	3.13212e-05	2.22325e-05	1.5625e-05	1.09147e-05	7.58921e-06	5.25218e-06	3.61342e-06	2.46547e-06	1.6617e-06	1.09903e-06	7.05169e-07	4.29477e-07	2.36501e-07	1.01423e-07	4.58035e-08
2.08861	9.75222e-05	9.75205e-05	9.7528e-05	9.75067e-05	9.75614e-05	9.74476e-05	9.47737e-05	8.64167e-05	7.25924e-05	5.67384e-05	4.21733e-05	3.04123e-05	2.15638e-05	1.51466e-05	1.05777e-05	7.35392e-06	5.08902e-06	3.50107e-06	2.38878e-06	1.61e-06	1.06483e-06	6.83228e-07	4.16114e-07	2.29142e-07	9.82671e-08	4.43783e-08
2.2218	9.76157e-05	9.76106e-05	9.76181e-05	9.75962e-05	9.76646e-05	9.74632e-05	9.43908e-05	8.54688e-05	7.12874e-05	5.54173e-05	4.10505e-05	2.95457e-05	2.09283e-05	1.46928e-05	1.02583e-05	7.13096e-06	4.93445e-06	3.39464e-06	2.31613e-06	1.56103e-06	1.03244e-06	6.62444e-07	4.03456e-07	2.22172e-07	9.52778e-08	4.30284e-08
2.36056	9.77099e-05	9.77016e-05	9.77087e-05	9.76874e-05	9.77685e-05	9.74609e-05	9.39706e-05	8.44977e-05	6.99946e-05	5.41338e-05	3.99716e-05	2.8718e-05	2.03231e-05	1.42613e-05	9.95472e-06	6.91919e-06	4.78766e-06	3.29357e-06	2.24715e-06	1.51453e-06	1.00169e-06	6.4271e-07	3.91437e-07	2.15553e-07	9.24395e-08	4.17466e-08
2.50518	9.78049e-05	9.7794e-05	9.78e-05	9.77805e-05	9.78727e-05	9.74392e-05	9.35139e-05	8.35057e-05	6.8715e-05	5.28864e-05	3.89337e-05	2.79261e-05	1.97457e-05	1.38502e-05	9.66573e-06	6.71764e-06	4.64797e-06	3.19741e-06	2.18152e-06	1.47029e-06	9.72424e-07	6.23933e-07	3.80001e-07	2.09256e-07	8.9739e-08	4.0527e-08
2.65592	9.79004e-05	9.78877e-05	9.78922e-05	9.78758e-05	9.79763e-05	9.73966e-05	9.30212e-05	8.24951e-05	6.74495e-05	5.16736e-05	3.79343e-05	2.71673e-05	1.91939e-05	1.34578e-05	9.39008e-06	6.52546e-06	4.5148e-06	3.10573e-06	2.11895e-06	1.42811e-06	9.44529e-07	6.06035e-07	3.691e-07	2.03253e-07	8.71646e-08	3.93644e-08
2.81308	9.79966e-05	9.7983e-05	9.79854e-05	9.79735e-05	9.80786e-05	9.73316e-05	9.24935e-05	8.14683e-05	6.61988e-05	5.04941e-05	3.69709e-05	2.64394e-05	1.86658e-05	1.30828e-05	9.12674e-06	6.34191e-06	4.38763e-06	3.01819e-06	2.05921e-06	1.38784e-06	9.17893e-07	5.88944e-07	3.58691e-07	1.97521e-07	8.47065e-08	3.82543e-08
2.97693	9.80933e-05	9.80798e-05	9.80797e-05	9.80737e-05	9.81787e-05	9.72432e-05	9.19315e-05	8.04273e-05	6.49637e-05	4.93467e-05	3.60415e-05	2.57402e-05	1.81598e-05	1.27237e-05	8.87478e-06	6.16633e-06	4.266e-06	2.93447e-06	2.00207e-06	1.34933e-06	8.92421e-07	5.726e-07	3.48737e-07	1.9204e-07	8.23558e-08	3.71927e-08
3.14779	9.81908e-05	9.81783e-05	9.81753e-05	9.81764e-05	9.82756e-05	9.713e-05	9.13365e-05	7.93742e-05	6.37445e-05	4.82301e-05	3.51441e-05	2.50679e-05	1.76741e-05	1.23795e-05	8.63338e-06	5.99816e-06	4.14951e-06	2.85429e-06	1.94735e-06	1.31245e-06	8.68027e-07	5.56948e-07	3.39204e-07	1.8679e-07	8.01046e-08	3.6176e-08
3.32595	9.82889e-05	9.82785e-05	9.82723e-05	9.82819e-05	9.83682e-05	9.6991e-05	9.07095e-05	7.8311e-05	6.2542e-05	4.71433e-05	3.42771e-05	2.44208e-05	1.72076e-05	1.20492e-05	8.4018e-06	5.83687e-06	4.03779e-06	2.77741e-06	1.89488e-06	1.27708e-06	8.44636e-07	5.4194e-07	3.30064e-07	1.81757e-07	7.7946e-08	3.52012e-08
3.51173	9.8388e-05	9.83805e-05	9.83709e-05	9.839e-05	9.84556e-05	9.68254e-05	9.00516e-05	7.72394e-05	6.13564e-05	4.60852e-05	3.34387e-05	2.37974e-05	1.6759e-05	1.17318e-05	8.1794e-06	5.682e-06	3.93054e-06	2.70359e-06	1.84451e-06	1.24313e-06	8.2218e-07	5.27531e-07	3.21288e-07	1.76925e-07	7.58737e-08	3.42653e-08
3.70548	9.84882e-05	9.84843e-05	9.84713e-05	9.85009e-05	9.85365e-05	9.66324e-05	8.9364e-05	7.61612e-05	6.01882e-05	4.50549e-05	3.26276e-05	2.31962e-05	1.63271e-05	1.14265e-05	7.96557e-06	5.53313e-06	3.82745e-06	2.63265e-06	1.7961e-06	1.2105e-06	8.00598e-07	5.13684e-07	3.12854e-07	1.7228e-07	7.3882e-08	3.33658e-08
3.90753	9.85896e-05	9.85898e-05	9.85735e-05	9.86143e-05	9.86097e-05	9.64112e-05	8.86482e-05	7.5078e-05	5.90376e-05	4.40515e-05	3.18425e-05	2.26161e-05	1.5911e-05	1.11326e-05	7.75979e-06	5.38988e-06	3.72826e-06	2.56439e-06	1.74953e-06	1.17911e-06	7.79835e-07	5.00361e-07	3.04741e-07	1.67812e-07	7.1966e-08	3.25005e-08
4.11825	9.86925e-05	9.86971e-05	9.86778e-05	9.87303e-05	9.8674e-05	9.61615e-05	8.79053e-05	7.39913e-05	5.79048e-05	4.30739e-05	3.1082e-05	2.20559e-05	1.55097e-05	1.08495e-05	7.56157e-06	5.25192e-06	3.63274e-06	2.49867e-06	1.70468e-06	1.14888e-06	7.59841e-07	4.87533e-07	2.96928e-07	1.6351e-07	7.01208e-08	3.16673e-08
4.33801	9.87971e-05	9.8806e-05	9.87842e-05	9.88485e-05	9.8728e-05	9.58826e-05	8.71369e-05	7.29026e-05	5.67899e-05	4.21215e-05	3.0345e-05	2.15144e-05	1.51225e-05	1.05763e-05	7.37046e-06	5.11894e-06	3.54068e-06	2.43532e-06	1.66145e-06	1.11974e-06	7.40571e-07	4.75168e-07	2.89397e-07	1.59363e-07	6.83425e-08	3.08641e-08
4.56719	9.89037e-05	9.89167e-05	9.8893e-05	9.89688e-05	9.87706e-05	9.55744e-05	8.63442e-05	7.1813e-05	5.56931e-05	4.11934e-05	2.96304e-05	2.09909e-05	1.47485e-05	1.03127e-05	7.18606e-06	4.99064e-06	3.45186e-06	2.37421e-06	1.61975e-06	1.09164e-06	7.21983e-07	4.63242e-07	2.82133e-07	1.55363e-07	6.66271e-08	3.00895e-08
4.80621	9.90124e-05	9.9029e-05	9.90043e-05	9.90908e-05	9.88003e-05	9.52367e-05	8.55287e-05	7.07239e-05	5.46143e-05	4.02887e-05	2.89372e-05	2.04842e-05	1.43871e-05	1.00581e-05	7.00802e-06	4.86678e-06	3.36613e-06	2.31521e-06	1.5795e-06	1.06451e-06	7.04039e-07	4.51728e-07	2.75121e-07	1.51502e-07	6.49712e-08	2.93416e-08
5.05549	9.91236e-05	9.9143e-05	9.91181e-05	9.92142e-05	9.88159e-05	9.48693e-05	8.46919e-05	6.96364e-05	5.35537e-05	3.94068e-05	2.82646e-05	1.99937e-05	1.40375e-05	9.81201e-06	6.83597e-06	4.74711e-06	3.28329e-06	2.25822e-06	1.54061e-06	1.0383e-06	6.86704e-07	4.40606e-07	2.68347e-07	1.47771e-07	6.33715e-08	2.86192e-08
5.31547	9.92374e-05	9.92586e-05	9.92347e-05	9.93385e-05	9.88162e-05	9.44723e-05	8.38351e-05	6.85516e-05	5.25111e-05	3.8547e-05	2.76115e-05	1.95185e-05	1.36993e-05	9.574e-06	6.66962e-06	4.63141e-06	3.20322e-06	2.20313e-06	1.50302e-06	1.01296e-06	6.69946e-07	4.29854e-07	2.61799e-07	1.44165e-07	6.1825e-08	2.79208e-08
5.58661	9.93539e-05	9.93758e-05	9.93541e-05	9.94632e-05	9.87999e-05	9.40458e-05	8.29598e-05	6.74704e-05	5.14864e-05	3.77084e-05	2.69772e-05	1.9058e-05	1.33717e-05	9.34366e-06	6.50866e-06	4.51949e-06	3.12575e-06	2.14983e-06	1.46665e-06	9.88452e-07	6.53737e-07	4.19453e-07	2.55464e-07	1.40677e-07	6.03291e-08	2.72452e-08
5.86938	9.94733e-05	9.94947e-05	9.94764e-05	9.95877e-05	9.87658e-05	9.359e-05	8.20674e-05	6.63938e-05	5.04797e-05	3.68905e-05	2.6361e-05	1.86113e-05	1.30545e-05	9.12061e-06	6.35284e-06	4.41114e-06	3.05077e-06	2.09825e-06	1.43146e-06	9.6473e-07	6.38047e-07	4.09386e-07	2.49333e-07	1.37301e-07	5.88813e-08	2.65914e-08
6.1643	9.95958e-05	9.96152e-05	9.96018e-05	9.97114e-05	9.87127e-05	9.31051e-05	8.11593e-05	6.53227e-05	4.94907e-05	3.60927e-05	2.5762e-05	1.8178e-05	1.27469e-05	8.90451e-06	6.20191e-06	4.3062e-06	2.97815e-06	2.04829e-06	1.39737e-06	9.41756e-07	6.22852e-07	3.99637e-07	2.43395e-07	1.34031e-07	5.7479e-08	2.59581e-08
6.47187	9.97213e-05	9.97374e-05	9.97303e-05	9.98335e-05	9.86396e-05	9.25916e-05	8.0237e-05	6.42578e-05	4.85194e-05	3.53142e-05	2.51796e-05	1.77575e-05	1.24487e-05	8.69503e-06	6.05563e-06	4.20451e-06	2.90778e-06	1.99987e-06	1.36434e-06	9.19494e-07	6.08128e-07	3.9019e-07	2.37642e-07	1.30863e-07	5.61203e-08	2.53445e-08
6.79265	9.98499e-05	9.98615e-05	9.9862e-05	9.99533e-05	9.85453e-05	9.20499e-05	7.93016e-05	6.31999e-05	4.75655e-05	3.45546e-05	2.46131e-05	1.73491e-05	1.21593e-05	8.49186e-06	5.91378e-06	4.10591e-06	2.83955e-06	1.95294e-06	1.33231e-06	8.9791e-07	5.93853e-07	3.8103e-07	2.32063e-07	1.27791e-07	5.48029e-08	2.47496e-08
7.1272	9.99815e-05	9.99874e-05	9.99968e-05	0.00010007	9.8429e-05	9.14805e-05	7.83547e-05	6.21497e-05	4.66289e-05	3.38132e-05	2.4062e-05	1.69524e-05	1.18784e-05	8.29472e-06	5.77617e-06	4.01026e-06	2.77337e-06	1.90741e-06	1.30125e-06	8.76974e-07	5.80007e-07	3.72146e-07	2.26652e-07	1.24811e-07	5.35251e-08	2.41725e-08
7.47611	0.000100116	0.000100115	0.000100135	0.000100182	9.82897e-05	9.0884e-05	7.73973e-05	6.11077e-05	4.57095e-05	3.30895e-05	2.35256e-05	1.65668e-05	1.16056e-05	8.10335e-06	5.64261e-06	3.91743e-06	2.70914e-06	1.86323e-06	1.27111e-06	8.56657e-07	5.6657e-07	3.63525e-07	2.21402e-07	1.2192e-07	5.22851e-08	2.36125e-08
7.84	0.000100254	0.000100245	0.000100276	0.00010029	9.81266e-05	9.02611e-05	7.64309e-05	6.00746e-05	4.48071e-05	3.2383e-05	2.30034e-05	1.6192e-05	1.13406e-05	7.9175e-06	5.51292e-06	3.8273e-06	2.64678e-06	1.82033e-06	1.24184e-06	8.36933e-07	5.53524e-07	3.55154e-07	2.16304e-07	1.19113e-07	5.10812e-08	2.30688e-08
8.21951	0.000100394	0.000100377	0.00010042	0.000100391	9.7939e-05	8.96124e-05	7.54565e-05	5.90509e-05	4.39214e-05	3.16932e-05	2.24949e-05	1.58275e-05	1.10831e-05	7.73693e-06	5.38693e-06	3.73976e-06	2.58621e-06	1.77866e-06	1.21341e-06	8.17774e-07	5.40853e-07	3.47024e-07	2.11352e-07	1.16386e-07	4.99119e-08	2.25407e-08
8.61531	0.000100536	0.000100512	0.000100568	0.000100485	9.77262e-05	8.89389e-05	7.44754e-05	5.80371e-05	4.30522e-05	3.10196e-05	2.19995e-05	1.54729e-05	1.08327e-05	7.56143e-06	5.26451e-06	3.65469e-06	2.52736e-06	1.73818e-06	1.18579e-06	7.99158e-07	5.28541e-07	3.39124e-07	2.06541e-07	1.13737e-07	4.87757e-08	2.20276e-08
9.02811	0.000100681	0.000100649	0.000100718	0.000100571	9.74877e-05	8.82412e-05	7.34887e-05	5.70336e-05	4.21994e-05	3.03617e-05	2.1517e-05	1.51279e-05	1.05892e-05	7.3908e-06	5.14549e-06	3.57199e-06	2.47015e-06	1.69883e-06	1.15894e-06	7.81063e-07	5.16573e-07	3.31446e-07	2.01864e-07	1.11161e-07	4.76713e-08	2.15289e-08
9.45863	0.000100829	0.000100789	0.000100871	0.000100648	9.7223e-05	8.75203e-05	7.24973e-05	5.60407e-05	4.13628e-05	2.97192e-05	2.10467e-05	1.4792e-05	1.03523e-05	7.22484e-06	5.02975e-06	3.49158e-06	2.41452e-06	1.66056e-06	1.13284e-06	7.63469e-07	5.04937e-07	3.23979e-07	1.97317e-07	1.08657e-07	4.65975e-08	2.10439e-08
9.90763	0.000100978	0.000100932	0.000101026	0.000100714	9.69316e-05	8.67771e-05	7.15025e-05	5.50588e-05	4.0542e-05	2.90915e-05	2.05883e-05	1.4465e-05	1.01217e-05	7.06338e-06	4.91716e-06	3.41336e-06	2.36041e-06	1.62334e-06	1.10744e-06	7.46355e-07	4.93618e-07	3.16717e-07	1.92894e-07	1.06221e-07	4.55529e-08	2.05722e-08
10.3759	0.000101129	0.000101079	0.000101184	0.000100768	9.66133e-05	8.60126e-05	7.05051e-05	5.40881e-05	3.97369e-05	2.84783e-05	2.01414e-05	1.41465e-05	9.8973e-06	6.90625e-06	4.80759e-06	3.33725e-06	2.30776e-06	1.58713e-06	1.08274e-06	7.29703e-07	4.82605e-07	3.09651e-07	1.8859e-07	1.03852e-07	4.45366e-08	2.01132e-08
10.8643	0.000101282	0.000101229	0.000101343	0.000100809	9.62678e-05	8.52278e-05	6.95061e-05	5.3129e-05	3.89472e-05	2.78792e-05	1.97056e-05	1.38362e-05	9.67878e-06	6.75328e-06	4.70095e-06	3.26317e-06	2.25651e-06	1.55188e-06	1.05869e-06	7.13496e-07	4.71886e-07	3.02773e-07	1.84401e-07	1.01545e-07	4.35474e-08	1.96664e-08
11.3736	0.000101436	0.000101382	0.000101504	0.000100835	9.5895e-05	8.44238e-05	6.85064e-05	5.21817e-05	3.81727e-05	2.72938e-05	1.92806e-05	1.35338e-05	9.46594e-06	6.60432e-06	4.59711e-06	3.19104e-06	2.20662e-06	1.51756e-06	1.03528e-06	6.97717e-07	4.6145e-07	2.96077e-07	1.80323e-07	9.92993e-08	4.25844e-08	1.92315e-08
11.9048	0.000101591	0.000101539	0.000101666	0.000100847	9.54947e-05	8.36016e-05	6.75069e-05	5.12463e-05	3.74131e-05	2.67217e-05	1.8866e-05	1.32392e-05	9.25859e-06	6.45924e-06	4.49598e-06	3.1208e-06	2.15803e-06	1.48414e-06	1.01248e-06	6.82351e-07	4.51287e-07	2.89557e-07	1.76352e-07	9.71124e-08	4.16465e-08	1.8808e-08
12.4589	0.000101748	0.0001017	0.000101829	0.000100841	9.50671e-05	8.27622e-05	6.65084e-05	5.0323e-05	3.66682e-05	2.61625e-05	1.84615e-05	1.29519e-05	9.05653e-06	6.31788e-06	4.39746e-06	3.05237e-06	2.1107e-06	1.45159e-06	9.90267e-07	6.67382e-07	4.41388e-07	2.83205e-07	1.72484e-07	9.49821e-08	4.0733e-08	1.83954e-08
13.0367	0.000101907	0.000101866	0.000101992	0.000100818	9.46121e-05	8.19068e-05	6.55117e-05	4.94119e-05	3.59378e-05	2.5616e-05	1.80667e-05	1.26718e-05	8.85958e-06	6.18013e-06	4.30146e-06	2.98569e-06	2.06459e-06	1.41987e-06	9.68627e-07	6.52798e-07	4.31742e-07	2.77016e-07	1.68714e-07	9.29065e-08	3.98428e-08	1.79934e-08
13.6393	0.000102066	0.000102036	0.000102154	0.000100776	9.41299e-05	8.10365e-05	6.45176e-05	4.85131e-05	3.52215e-05	2.50817e-05	1.76814e-05	1.23986e-05	8.66756e-06	6.04585e-06	4.20789e-06	2.92071e-06	2.01964e-06	1.38895e-06	9.47536e-07	6.38584e-07	4.22341e-07	2.70984e-07	1.65041e-07	9.08835e-08	3.89753e-08	1.76016e-08
14.2678	0.000102228	0.00010221	0.000102314	0.000100713	9.36207e-05	8.01523e-05	6.35268e-05	4.76268e-05	3.45191e-05	2.45593e-05	1.73052e-05	1.2132e-05	8.48031e-06	5.91493e-06	4.11667e-06	2.85736e-06	1.97582e-06	1.35882e-06	9.26975e-07	6.24727e-07	4.13176e-07	2.65104e-07	1.61459e-07	8.89114e-08	3.81295e-08	1.72197e-08
14.9232	0.000102391	0.000102389	0.000102473	0.00010063	9.30848e-05	7.92554e-05	6.254e-05	4.6753e-05	3.38304e-05	2.40486e-05	1.69379e-05	1.1872e-05	8.29767e-06	5.78725e-06	4.02771e-06	2.79558e-06	1.93309e-06	1.32943e-06	9.06926e-07	6.11215e-07	4.0424e-07	2.5937e-07	1.57967e-07	8.69884e-08	3.73049e-08	1.68473e-08
15.6068	0.000102556	0.000102573	0.000102629	0.000100525	9.25226e-05	7.83467e-05	6.15578e-05	4.58917e-05	3.31552e-05	2.35491e-05	1.65792e-05	1.16182e-05	8.11949e-06	5.6627e-06	3.94094e-06	2.73533e-06	1.89142e-06	1.30077e-06	8.87372e-07	5.98037e-07	3.95524e-07	2.53778e-07	1.54561e-07	8.51129e-08	3.65006e-08	1.6484e-08
16.3198	0.000102724	0.000102762	0.000102781	0.000100396	9.19343e-05	7.74275e-05	6.05809e-05	4.5043e-05	3.24931e-05	2.30606e-05	1.62289e-05	1.13705e-05	7.94561e-06	5.54119e-06	3.85629e-06	2.67655e-06	1.85077e-06	1.27281e-06	8.68297e-07	5.85181e-07	3.87022e-07	2.48322e-07	1.51239e-07	8.32832e-08	3.57159e-08	1.61297e-08
17.0633	0.000102895	0.000102955	0.000102928	0.000100244	9.13206e-05	7.64987e-05	5.96098e-05	4.42069e-05	3.1844e-05	2.25829e-05	1.58867e-05	1.11286e-05	7.77592e-06	5.42261e-06	3.77369e-06	2.61919e-06	1.8111e-06	1.24552e-06	8.49685e-07	5.72637e-07	3.78726e-07	2.42999e-07	1.47997e-07	8.1498e-08	3.49503e-08	1.57839e-08
17.8388	0.000103069	0.000103153	0.00010307	0.000100067	9.06818e-05	7.55612e-05	5.8645e-05	4.33834e-05	3.12075e-05	2.21156e-05	1.55523e-05	1.08925e-05	7.61026e-06	5.30687e-06	3.69307e-06	2.56321e-06	1.77238e-06	1.2189e-06	8.3152e-07	5.60395e-07	3.70629e-07	2.37805e-07	1.44833e-07	7.97557e-08	3.42032e-08	1.54465e-08
18.6476	0.000103248	0.000103356	0.000103204	9.98647e-05	9.00187e-05	7.46162e-05	5.76872e-05	4.25725e-05	3.05835e-05	2.16585e-05	1.52256e-05	1.06619e-05	7.44852e-06	5.19388e-06	3.61438e-06	2.50857e-06	1.73459e-06	1.19291e-06	8.13789e-07	5.48445e-07	3.62726e-07	2.32734e-07	1.41745e-07	7.80551e-08	3.34738e-08	1.51171e-08
19.4911	0.000103431	0.000103563	0.000103331	9.96365e-05	8.93318e-05	7.36646e-05	5.67367e-05	4.17742e-05	2.99718e-05	2.12113e-05	1.49063e-05	1.04366e-05	7.29058e-06	5.08356e-06	3.53754e-06	2.45523e-06	1.6977e-06	1.16753e-06	7.96479e-07	5.36779e-07	3.5501e-07	2.27783e-07	1.3873e-07	7.63947e-08	3.27618e-08	1.47956e-08
20.3708	0.000103619	0.000103775	0.000103448	9.93816e-05	8.86218e-05	7.27072e-05	5.57939e-05	4.09884e-05	2.93721e-05	2.07738e-05	1.45943e-05	1.02165e-05	7.13633e-06	4.97582e-06	3.46251e-06	2.40314e-06	1.66168e-06	1.14276e-06	7.79576e-07	5.25388e-07	3.47476e-07	2.22949e-07	1.35786e-07	7.47735e-08	3.20665e-08	1.44816e-08
21.2882	0.000103813	0.00010399	0.000103554	9.90998e-05	8.78895e-05	7.17451e-05	5.48593e-05	4.02151e-05	2.87842e-05	2.03457e-05	1.42892e-05	1.00015e-05	6.98565e-06	4.8706e-06	3.38924e-06	2.35226e-06	1.62649e-06	1.11856e-06	7.63069e-07	5.14263e-07	3.40119e-07	2.18228e-07	1.3291e-07	7.31902e-08	3.13876e-08	1.41749e-08
22.2451	0.000104014	0.00010421	0.000103649	9.87905e-05	8.71356e-05	7.0779e-05	5.39331e-05	3.94543e-05	2.82078e-05	1.99268e-05	1.3991e-05	9.79146e-06	6.83845e-06	4.76781e-06	3.31767e-06	2.30257e-06	1.59213e-06	1.09492e-06	7.46946e-07	5.03397e-07	3.32932e-07	2.13617e-07	1.30102e-07	7.16438e-08	3.07243e-08	1.38754e-08
23.243	0.000104223	0.000104432	0.000103731	9.84535e-05	8.6361e-05	6.98098e-05	5.30158e-05	3.87058e-05	2.76428e-05	1.95169e-05	1.36995e-05	9.58614e-06	6.69463e-06	4.66739e-06	3.24774e-06	2.25403e-06	1.55856e-06	1.07184e-06	7.31195e-07	4.92781e-07	3.25911e-07	2.09113e-07	1.27359e-07	7.0133e-08	3.00765e-08	1.35828e-08
24.2838	0.000104439	0.000104658	0.000103797	9.80886e-05	8.55666e-05	6.88383e-05	5.21075e-05	3.79695e-05	2.7089e-05	1.91158e-05	1.34144e-05	9.38546e-06	6.55408e-06	4.56927e-06	3.17942e-06	2.2066e-06	1.52576e-06	1.04928e-06	7.15806e-07	4.8241e-07	3.19052e-07	2.04712e-07	1.24678e-07	6.86569e-08	2.94435e-08	1.3297e-08
25.3693	0.000104664	0.000104885	0.000103848	9.76955e-05	8.47532e-05	6.78654e-05	5.12085e-05	3.72454e-05	2.6546e-05	1.87232e-05	1.31356e-05	9.18929e-06	6.41671e-06	4.47338e-06	3.11266e-06	2.16025e-06	1.49371e-06	1.02724e-06	7.00768e-07	4.72275e-07	3.12349e-07	2.00411e-07	1.22059e-07	6.72146e-08	2.88249e-08	1.30176e-08
26.5014	0.000104899	0.000105114	0.000103882	9.72742e-05	8.39218e-05	6.68917e-05	5.03191e-05	3.65333e-05	2.60138e-05	1.83389e-05	1.2863e-05	8.99751e-06	6.28244e-06	4.37966e-06	3.04741e-06	2.11495e-06	1.46238e-06	1.00569e-06	6.86071e-07	4.6237e-07	3.05798e-07	1.96208e-07	1.19499e-07	6.58049e-08	2.82204e-08	1.27446e-08
27.682	0.000105143	0.000105345	0.000103897	9.68246e-05	8.30734e-05	6.5918e-05	4.94394e-05	3.58331e-05	2.5492e-05	1.79628e-05	1.25963e-05	8.80998e-06	6.15117e-06	4.28804e-06	2.98362e-06	2.07067e-06	1.43176e-06	9.84633e-07	6.71705e-07	4.52688e-07	2.99395e-07	1.92099e-07	1.16997e-07	6.4427e-08	2.76295e-08	1.24777e-08
28.9134	0.000105397	0.000105575	0.000103892	9.63468e-05	8.22089e-05	6.49451e-05	4.85696e-05	3.51446e-05	2.49804e-05	1.75945e-05	1.23354e-05	8.62659e-06	6.02283e-06	4.19847e-06	2.92126e-06	2.02738e-06	1.40183e-06	9.64046e-07	6.5766e-07	4.43223e-07	2.93135e-07	1.88083e-07	1.1455e-07	6.30799e-08	2.70518e-08	1.22169e-08
30.1976	0.000105662	0.000105805	0.000103865	9.58409e-05	8.13293e-05	6.39735e-05	4.77098e-05	3.44678e-05	2.44789e-05	1.7234e-05	1.20801e-05	8.44722e-06	5.89731e-06	4.11088e-06	2.86029e-06	1.98506e-06	1.37256e-06	9.43917e-07	6.43928e-07	4.33969e-07	2.87014e-07	1.84155e-07	1.12159e-07	6.17628e-08	2.64869e-08	1.19618e-08
31.5369	0.000105936	0.000106033	0.000103816	9.5307e-05	8.04356e-05	6.30039e-05	4.68602e-05	3.38024e-05	2.39871e-05	1.6881e-05	1.18303e-05	8.27176e-06	5.77455e-06	4.02521e-06	2.80066e-06	1.94366e-06	1.34393e-06	9.24231e-07	6.30498e-07	4.24918e-07	2.81028e-07	1.80315e-07	1.09819e-07	6.04747e-08	2.59345e-08	1.17123e-08
32.9338	0.000106221	0.000106258	0.000103742	9.47453e-05	7.95289e-05	6.20371e-05	4.60209e-05	3.31484e-05	2.35049e-05	1.65353e-05	1.15859e-05	8.1001e-06	5.65446e-06	3.94142e-06	2.74233e-06	1.90318e-06	1.31594e-06	9.04977e-07	6.17363e-07	4.16065e-07	2.75174e-07	1.76558e-07	1.07532e-07	5.92148e-08	2.53942e-08	1.14683e-08
34.3906	0.000106515	0.000106479	0.000103643	9.41562e-05	7.86101e-05	6.10735e-05	4.51919e-05	3.25054e-05	2.30322e-05	1.61968e-05	1.13466e-05	7.93212e-06	5.53697e-06	3.85945e-06	2.68527e-06	1.86357e-06	1.28855e-06	8.86141e-07	6.04514e-07	4.07406e-07	2.69446e-07	1.72883e-07	1.05293e-07	5.79824e-08	2.48657e-08	1.12296e-08
35.9099	0.000106819	0.000106695	0.000103517	9.35398e-05	7.76802e-05	6.01138e-05	4.43733e-05	3.18735e-05	2.25685e-05	1.58652e-05	1.11124e-05	7.76773e-06	5.422e-06	3.77924e-06	2.62944e-06	1.82482e-06	1.26175e-06	8.67712e-07	5.91941e-07	3.98933e-07	2.63843e-07	1.69288e-07	1.03104e-07	5.67765e-08	2.43486e-08	1.09961e-08
37.4945	0.00010713	0.000106905	0.000103364	9.28966e-05	7.67402e-05	5.91584e-05	4.35653e-05	3.12524e-05	2.21139e-05	1.55403e-05	1.08831e-05	7.60683e-06	5.30949e-06	3.70075e-06	2.57481e-06	1.7869e-06	1.23553e-06	8.49678e-07	5.79639e-07	3.90642e-07	2.58359e-07	1.6577e-07	1.00961e-07	5.55965e-08	2.38425e-08	1.07675e-08
39.1471	0.000107449	0.000107107	0.000103182	9.2227e-05	7.57909e-05	5.8208e-05	4.27678e-05	3.0642e-05	2.1668e-05	1.52221e-05	1.06585e-05	7.44932e-06	5.19936e-06	3.62393e-06	2.52134e-06	1.74978e-06	1.20987e-06	8.32028e-07	5.67598e-07	3.82527e-07	2.52992e-07	1.62326e-07	9.88636e-08	5.44417e-08	2.33473e-08	1.05439e-08
40.8707	0.000107774	0.000107299	0.000102971	9.15314e-05	7.48334e-05	5.7263e-05	4.19809e-05	3.00422e-05	2.12307e-05	1.49103e-05	1.04386e-05	7.2951e-06	5.09154e-06	3.54873e-06	2.469e-06	1.71345e-06	1.18474e-06	8.14752e-07	5.55813e-07	3.74584e-07	2.47739e-07	1.58956e-07	9.68108e-08	5.33112e-08	2.28625e-08	1.03249e-08
42.6683	0.000108103	0.00010748	0.000102728	9.08103e-05	7.38684e-05	5.63239e-05	4.12047e-05	2.94527e-05	2.08018e-05	1.46048e-05	1.02233e-05	7.1441e-06	4.98599e-06	3.4751e-06	2.41776e-06	1.67789e-06	1.16015e-06	7.97839e-07	5.44275e-07	3.66808e-07	2.42597e-07	1.55656e-07	9.48012e-08	5.22046e-08	2.23879e-08	1.01106e-08
44.543	0.000108434	0.000107648	0.000102455	9.00642e-05	7.28968e-05	5.5391e-05	4.04391e-05	2.88734e-05	2.03811e-05	1.43054e-05	1.00123e-05	6.99623e-06	4.88263e-06	3.40301e-06	2.36759e-06	1.64306e-06	1.13607e-06	7.8128e-07	5.32978e-07	3.59195e-07	2.37561e-07	1.52425e-07	9.28335e-08	5.1121e-08	2.19232e-08	9.90075e-09
46.4982	0.000108766	0.000107801	0.000102149	8.92938e-05	7.19195e-05	5.44647e-05	3.96841e-05	2.83042e-05	1.99684e-05	1.4012e-05	9.80568e-06	6.85141e-06	4.78142e-06	3.33242e-06	2.31846e-06	1.60897e-06	1.1125e-06	7.65065e-07	5.21916e-07	3.5174e-07	2.32631e-07	1.49262e-07	9.09069e-08	5.00601e-08	2.14682e-08	9.69527e-09
48.5373	0.000109095	0.000107937	0.000101811	8.84996e-05	7.09372e-05	5.35454e-05	3.89397e-05	2.77449e-05	1.95637e-05	1.37244e-05	9.60324e-06	6.70955e-06	4.68229e-06	3.26329e-06	2.27035e-06	1.57557e-06	1.0894e-06	7.49185e-07	5.11083e-07	3.44439e-07	2.27802e-07	1.46164e-07	8.902e-08	4.9021e-08	2.10226e-08	9.49404e-09
50.664	0.000109419	0.000108055	0.00010144	8.76823e-05	6.99507e-05	5.26334e-05	3.8206e-05	2.71953e-05	1.91666e-05	1.34426e-05	9.40489e-06	6.57059e-06	4.58519e-06	3.19558e-06	2.22323e-06	1.54287e-06	1.06679e-06	7.33632e-07	5.00473e-07	3.37289e-07	2.23073e-07	1.43129e-07	8.7172e-08	4.80034e-08	2.05862e-08	9.29695e-09
52.882	0.000109735	0.000108151	0.000101035	8.68427e-05	6.89606e-05	5.17289e-05	3.74828e-05	2.66554e-05	1.87771e-05	1.31663e-05	9.21054e-06	6.43445e-06	4.49007e-06	3.12925e-06	2.17707e-06	1.51083e-06	1.04464e-06	7.18397e-07	4.9008e-07	3.30285e-07	2.18441e-07	1.40157e-07	8.53617e-08	4.70065e-08	2.01587e-08	9.10388e-09
55.1953	0.000110039	0.000108224	0.000100597	8.59814e-05	6.79676e-05	5.08322e-05	3.677e-05	2.61249e-05	1.8395e-05	1.28954e-05	9.02007e-06	6.30106e-06	4.39688e-06	3.06426e-06	2.13185e-06	1.47944e-06	1.02293e-06	7.03472e-07	4.79899e-07	3.23423e-07	2.13903e-07	1.37245e-07	8.35883e-08	4.603e-08	1.97399e-08	8.91475e-09
57.6078	0.000110329	0.000108272	0.000100124	8.50992e-05	6.69724e-05	4.99434e-05	3.60676e-05	2.56036e-05	1.802e-05	1.26299e-05	8.83339e-06	6.17035e-06	4.30556e-06	3.00059e-06	2.08754e-06	1.44869e-06	1.00167e-06	6.88849e-07	4.69923e-07	3.167e-07	2.09456e-07	1.34392e-07	8.18507e-08	4.50731e-08	1.93296e-08	8.72944e-09
60.1239	0.0001106	0.000108292	9.96166e-05	8.41969e-05	6.59756e-05	4.90627e-05	3.53755e-05	2.50914e-05	1.76521e-05	1.23695e-05	8.65041e-06	6.04224e-06	4.21607e-06	2.93819e-06	2.04412e-06	1.41856e-06	9.80833e-07	6.74519e-07	4.60147e-07	3.10111e-07	2.05099e-07	1.31597e-07	8.0148e-08	4.41355e-08	1.89275e-08	8.54784e-09
62.748	0.000110849	0.000108281	9.9075e-05	8.32755e-05	6.49776e-05	4.81902e-05	3.46935e-05	2.4588e-05	1.72911e-05	1.21141e-05	8.47101e-06	5.91666e-06	4.12836e-06	2.87704e-06	2.00156e-06	1.38902e-06	9.6041e-07	6.60474e-07	4.50566e-07	3.03654e-07	2.00828e-07	1.28856e-07	7.84792e-08	4.32165e-08	1.85334e-08	8.36986e-09
65.4848	0.000111072	0.000108237	9.8499e-05	8.23356e-05	6.39791e-05	4.7326e-05	3.40215e-05	2.40934e-05	1.69368e-05	1.18636e-05	8.29509e-06	5.79354e-06	4.04237e-06	2.81708e-06	1.95984e-06	1.36007e-06	9.4039e-07	6.46706e-07	4.41173e-07	2.97324e-07	1.96642e-07	1.2617e-07	7.68432e-08	4.23156e-08	1.8147e-08	8.19538e-09
68.339	0.000111264	0.000108158	9.78885e-05	8.13783e-05	6.29806e-05	4.64701e-05	3.33593e-05	2.36072e-05	1.65889e-05	1.16179e-05	8.12257e-06	5.67281e-06	3.95805e-06	2.7583e-06	1.91894e-06	1.33168e-06	9.2076e-07	6.33206e-07	4.31964e-07	2.91118e-07	1.92537e-07	1.23537e-07	7.52392e-08	4.14323e-08	1.77682e-08	8.02431e-09
71.3158	0.000111422	0.000108041	9.72436e-05	8.04044e-05	6.19827e-05	4.56226e-05	3.27069e-05	2.31293e-05	1.62474e-05	1.13767e-05	7.95333e-06	5.55439e-06	3.87536e-06	2.70065e-06	1.87882e-06	1.30384e-06	9.0151e-07	6.19968e-07	4.22933e-07	2.85031e-07	1.88512e-07	1.20954e-07	7.36662e-08	4.05661e-08	1.73967e-08	7.85655e-09
74.4204	0.00011154	0.000107883	9.65644e-05	7.94148e-05	6.09857e-05	4.47836e-05	3.20639e-05	2.26594e-05	1.5912e-05	1.11401e-05	7.78728e-06	5.43822e-06	3.79423e-06	2.64409e-06	1.83947e-06	1.27653e-06	8.82626e-07	6.06981e-07	4.14074e-07	2.79061e-07	1.84563e-07	1.1842e-07	7.21231e-08	3.97163e-08	1.70323e-08	7.69198e-09
77.6583	0.000111615	0.000107681	9.5851e-05	7.84104e-05	5.99901e-05	4.3953e-05	3.14301e-05	2.21974e-05	1.55826e-05	1.09078e-05	7.62431e-06	5.32422e-06	3.71463e-06	2.5886e-06	1.80086e-06	1.24973e-06	8.64097e-07	5.94239e-07	4.05381e-07	2.73202e-07	1.80688e-07	1.15934e-07	7.0609e-08	3.88826e-08	1.66748e-08	7.5305e-09
81.0352	0.000111642	0.000107434	9.51035e-05	7.73922e-05	5.89963e-05	4.31307e-05	3.08055e-05	2.1743e-05	1.5259e-05	1.06797e-05	7.46432e-06	5.21232e-06	3.6365e-06	2.53414e-06	1.76296e-06	1.22343e-06	8.45912e-07	5.81733e-07	3.9685e-07	2.67453e-07	1.76886e-07	1.13494e-07	6.9123e-08	3.80643e-08	1.63238e-08	7.37202e-09
84.5571	0.000111617	0.000107139	9.43222e-05	7.63609e-05	5.80049e-05	4.23169e-05	3.01899e-05	2.1296e-05	1.4941e-05	1.04556e-05	7.30722e-06	5.10245e-06	3.5598e-06	2.48066e-06	1.72576e-06	1.19761e-06	8.28059e-07	5.69455e-07	3.88474e-07	2.61808e-07	1.73153e-07	1.11099e-07	6.76642e-08	3.7261e-08	1.59793e-08	7.21644e-09
88.2301	0.000111536	0.000106793	9.3507e-05	7.53175e-05	5.70161e-05	4.15114e-05	2.95829e-05	2.08562e-05	1.46284e-05	1.02355e-05	7.15292e-06	4.99455e-06	3.48447e-06	2.42815e-06	1.68922e-06	1.17225e-06	8.10527e-07	5.57399e-07	3.80249e-07	2.56265e-07	1.69487e-07	1.08747e-07	6.62316e-08	3.64721e-08	1.5641e-08	7.06365e-09
92.0609	0.000111394	0.000106394	9.26583e-05	7.42626e-05	5.60303e-05	4.07142e-05	2.89845e-05	2.04234e-05	1.43211e-05	1.00192e-05	7.00132e-06	4.88855e-06	3.41047e-06	2.37657e-06	1.65333e-06	1.14735e-06	7.93306e-07	5.45555e-07	3.7217e-07	2.5082e-07	1.65885e-07	1.06436e-07	6.48244e-08	3.56971e-08	1.53087e-08	6.91357e-09
96.0561	0.000111188	0.000105939	9.1776e-05	7.31972e-05	5.50479e-05	3.99253e-05	2.83944e-05	1.99974e-05	1.40189e-05	9.80652e-06	6.85233e-06	4.78439e-06	3.33776e-06	2.32589e-06	1.61807e-06	1.12287e-06	7.76384e-07	5.33918e-07	3.64231e-07	2.4547e-07	1.62347e-07	1.04166e-07	6.34416e-08	3.49357e-08	1.49822e-08	6.7661e-09
100.223	0.000110915	0.000105427	9.08603e-05	7.21218e-05	5.40691e-05	3.91445e-05	2.78124e-05	1.95781e-05	1.37216e-05	9.59745e-06	6.70586e-06	4.682e-06	3.26629e-06	2.27607e-06	1.58341e-06	1.09882e-06	7.59752e-07	5.22481e-07	3.56429e-07	2.40212e-07	1.58869e-07	1.01935e-07	6.20826e-08	3.41873e-08	1.46612e-08	6.62116e-09
104.568	0.000110569	0.000104855	8.99114e-05	7.10371e-05	5.30942e-05	3.8372e-05	2.72385e-05	1.91651e-05	1.34291e-05	9.39183e-06	6.56185e-06	4.58133e-06	3.19602e-06	2.2271e-06	1.54934e-06	1.07517e-06	7.43401e-07	5.11236e-07	3.48758e-07	2.35042e-07	1.5545e-07	9.97408e-08	6.07465e-08	3.34516e-08	1.43457e-08	6.47866e-09
109.101	0.00011015	0.000104222	8.89292e-05	6.99438e-05	5.21234e-05	3.76074e-05	2.66723e-05	1.87585e-05	1.31413e-05	9.18956e-06	6.4202e-06	4.48233e-06	3.12692e-06	2.17893e-06	1.51583e-06	1.05192e-06	7.27321e-07	5.00178e-07	3.41214e-07	2.29958e-07	1.52088e-07	9.75834e-08	5.94326e-08	3.2728e-08	1.40354e-08	6.33853e-09
113.827	0.000109652	0.000103525	8.79138e-05	6.88422e-05	5.1157e-05	3.68509e-05	2.61137e-05	1.83578e-05	1.28579e-05	8.99051e-06	6.28083e-06	4.38493e-06	3.05894e-06	2.13155e-06	1.48286e-06	1.02904e-06	7.11504e-07	4.893e-07	3.33793e-07	2.24957e-07	1.4878e-07	9.54612e-08	5.814e-08	3.20162e-08	1.37301e-08	6.20068e-09
118.757	0.000109075	0.000102764	8.68653e-05	6.77328e-05	5.01949e-05	3.61021e-05	2.55625e-05	1.79631e-05	1.25789e-05	8.7946e-06	6.14368e-06	4.28909e-06	2.99205e-06	2.08493e-06	1.45043e-06	1.00653e-06	6.9594e-07	4.78597e-07	3.26492e-07	2.20036e-07	1.45526e-07	9.3373e-08	5.68682e-08	3.13159e-08	1.34298e-08	6.06504e-09
123.898	0.000108414	0.000101936	8.57837e-05	6.66159e-05	4.92373e-05	3.53611e-05	2.50185e-05	1.7574e-05	1.23042e-05	8.60171e-06	6.00867e-06	4.19474e-06	2.92621e-06	2.03904e-06	1.4185e-06	9.84374e-07	6.80621e-07	4.68062e-07	3.19305e-07	2.15192e-07	1.42322e-07	9.13177e-08	5.56165e-08	3.06266e-08	1.31342e-08	5.93154e-09
129.26	0.00010767	0.000101041	8.4669e-05	6.54918e-05	4.82842e-05	3.46275e-05	2.44815e-05	1.71905e-05	1.20335e-05	8.41174e-06	5.87573e-06	4.10185e-06	2.86138e-06	1.99386e-06	1.38707e-06	9.6256e-07	6.65538e-07	4.57689e-07	3.12229e-07	2.10424e-07	1.39168e-07	8.9294e-08	5.4384e-08	2.99479e-08	1.28431e-08	5.80009e-09
134.853	0.00010684	0.000100078	8.35212e-05	6.43606e-05	4.73355e-05	3.39013e-05	2.39512e-05	1.68123e-05	1.17667e-05	8.22458e-06	5.74476e-06	4.01035e-06	2.79753e-06	1.94936e-06	1.35611e-06	9.41074e-07	6.50681e-07	4.47473e-07	3.05259e-07	2.05727e-07	1.36062e-07	8.73008e-08	5.317e-08	2.92794e-08	1.25564e-08	5.67063e-09
140.685	0.000105922	9.90465e-05	8.23403e-05	6.32224e-05	4.6391e-05	3.31821e-05	2.34275e-05	1.64391e-05	1.15037e-05	8.04011e-06	5.61571e-06	3.92019e-06	2.73461e-06	1.90551e-06	1.3256e-06	9.19903e-07	6.36043e-07	4.37406e-07	2.98392e-07	2.01098e-07	1.33001e-07	8.53369e-08	5.19739e-08	2.86207e-08	1.2274e-08	5.54306e-09
146.767	0.000104917	9.79455e-05	8.11264e-05	6.20772e-05	4.54506e-05	3.24696e-05	2.29099e-05	1.60709e-05	1.12443e-05	7.85822e-06	5.48847e-06	3.8313e-06	2.67258e-06	1.86229e-06	1.29553e-06	8.99034e-07	6.21613e-07	4.27483e-07	2.91622e-07	1.96536e-07	1.29984e-07	8.34008e-08	5.07948e-08	2.79714e-08	1.19955e-08	5.4173e-09
153.111	0.000103823	9.67751e-05	7.98795e-05	6.09249e-05	4.45139e-05	3.17636e-05	2.23983e-05	1.57073e-05	1.09883e-05	7.67878e-06	5.36296e-06	3.74363e-06	2.61141e-06	1.81965e-06	1.26586e-06	8.7845e-07	6.07381e-07	4.17695e-07	2.84946e-07	1.92036e-07	1.27008e-07	8.14914e-08	4.96318e-08	2.7331e-08	1.17209e-08	5.29327e-09
159.727	0.000102642	9.55356e-05	7.85997e-05	5.97653e-05	4.35807e-05	3.10635e-05	2.18923e-05	1.53481e-05	1.07355e-05	7.50165e-06	5.23909e-06	3.6571e-06	2.55103e-06	1.77758e-06	1.23659e-06	8.58137e-07	5.93336e-07	4.08036e-07	2.78357e-07	1.87596e-07	1.24071e-07	7.9607e-08	4.84841e-08	2.6699e-08	1.14498e-08	5.17087e-09
166.628	0.000101373	9.42273e-05	7.72871e-05	5.85983e-05	4.26504e-05	3.03691e-05	2.13914e-05	1.4993e-05	1.04858e-05	7.32669e-06	5.11674e-06	3.57166e-06	2.49141e-06	1.73603e-06	1.20769e-06	8.38077e-07	5.79466e-07	3.98498e-07	2.7185e-07	1.83211e-07	1.2117e-07	7.77461e-08	4.73508e-08	2.60749e-08	1.11822e-08	5.05e-09
173.824	0.000100018	9.28509e-05	7.59419e-05	5.74235e-05	4.17227e-05	2.96798e-05	2.08954e-05	1.46417e-05	1.02389e-05	7.15374e-06	4.99583e-06	3.48721e-06	2.43249e-06	1.69497e-06	1.17912e-06	8.18253e-07	5.6576e-07	3.89072e-07	2.65419e-07	1.78877e-07	1.18304e-07	7.59071e-08	4.62307e-08	2.54581e-08	1.09177e-08	4.93055e-09
181.33	9.8577e-05	9.14074e-05	7.45644e-05	5.62406e-05	4.0797e-05	2.8995e-05	2.04038e-05	1.42939e-05	9.99454e-06	6.98265e-06	4.87622e-06	3.40368e-06	2.37421e-06	1.65435e-06	1.15087e-06	7.98646e-07	5.52203e-07	3.79749e-07	2.59059e-07	1.74591e-07	1.15469e-07	7.40882e-08	4.5123e-08	2.48481e-08	1.06561e-08	4.8124e-09
189.157	9.70527e-05	8.98981e-05	7.31548e-05	5.50494e-05	3.98727e-05	2.83143e-05	1.99162e-05	1.39493e-05	9.75255e-06	6.81324e-06	4.7578e-06	3.32098e-06	2.31652e-06	1.61415e-06	1.1229e-06	7.79236e-07	5.38782e-07	3.7052e-07	2.52763e-07	1.70347e-07	1.12663e-07	7.22876e-08	4.40263e-08	2.42442e-08	1.03971e-08	4.69545e-09
197.321	9.54469e-05	8.83243e-05	7.17136e-05	5.38494e-05	3.89492e-05	2.76371e-05	1.9432e-05	1.36075e-05	9.51266e-06	6.64534e-06	4.64045e-06	3.23904e-06	2.25935e-06	1.57431e-06	1.09518e-06	7.60003e-07	5.25484e-07	3.61374e-07	2.46525e-07	1.66143e-07	1.09882e-07	7.05034e-08	4.29397e-08	2.36458e-08	1.01405e-08	4.57955e-09
205.835	9.3762e-05	8.66879e-05	7.02413e-05	5.26403e-05	3.8026e-05	2.69627e-05	1.89509e-05	1.32682e-05	9.2746e-06	6.47877e-06	4.52404e-06	3.15776e-06	2.20264e-06	1.53479e-06	1.06769e-06	7.40926e-07	5.12294e-07	3.52303e-07	2.40336e-07	1.61973e-07	1.07124e-07	6.87337e-08	4.18618e-08	2.30523e-08	9.88595e-09	4.4646e-09
214.715	9.20007e-05	8.49909e-05	6.87384e-05	5.14218e-05	3.71024e-05	2.62907e-05	1.84723e-05	1.29309e-05	9.03813e-06	6.31334e-06	4.40844e-06	3.07704e-06	2.14633e-06	1.49556e-06	1.0404e-06	7.21983e-07	4.99196e-07	3.43297e-07	2.34192e-07	1.57832e-07	1.04386e-07	6.69765e-08	4.07916e-08	2.24629e-08	9.63321e-09	4.35046e-09
223.975	9.01661e-05	8.32354e-05	6.72056e-05	5.01936e-05	3.61778e-05	2.56203e-05	1.79958e-05	1.25955e-05	8.80302e-06	6.14889e-06	4.29354e-06	2.99682e-06	2.09037e-06	1.45656e-06	1.01327e-06	7.03157e-07	4.86179e-07	3.34345e-07	2.28085e-07	1.53716e-07	1.01664e-07	6.523e-08	3.97279e-08	2.18772e-08	9.38202e-09	4.23702e-09
233.634	8.82614e-05	8.1424e-05	6.5644e-05	4.89556e-05	3.52517e-05	2.4951e-05	1.75208e-05	1.22614e-05	8.56894e-06	5.9852e-06	4.17918e-06	2.91698e-06	2.03467e-06	1.41775e-06	9.86267e-07	6.8442e-07	4.73224e-07	3.25436e-07	2.22008e-07	1.4962e-07	9.89547e-08	6.34919e-08	3.86694e-08	2.12943e-08	9.13203e-09	4.12412e-09
243.707	8.62903e-05	7.95593e-05	6.40543e-05	4.77076e-05	3.43235e-05	2.42824e-05	1.70471e-05	1.19283e-05	8.33571e-06	5.82213e-06	4.06527e-06	2.83745e-06	1.9792e-06	1.37909e-06	9.59374e-07	6.65758e-07	4.60321e-07	3.16562e-07	2.15954e-07	1.4554e-07	9.62565e-08	6.17607e-08	3.7615e-08	2.07136e-08	8.88303e-09	4.01167e-09
254.213	8.42567e-05	7.76443e-05	6.24378e-05	4.64495e-05	3.33928e-05	2.36138e-05	1.6574e-05	1.15961e-05	8.10311e-06	5.65953e-06	3.95168e-06	2.75816e-06	1.92388e-06	1.34055e-06	9.32561e-07	6.47151e-07	4.47456e-07	3.07715e-07	2.09919e-07	1.41473e-07	9.35663e-08	6.00346e-08	3.65637e-08	2.01347e-08	8.63477e-09	3.89955e-09
265.169	8.21645e-05	7.56819e-05	6.07956e-05	4.51814e-05	3.24592e-05	2.29449e-05	1.61014e-05	1.12643e-05	7.87091e-06	5.49723e-06	3.83833e-06	2.67903e-06	1.86868e-06	1.30208e-06	9.05804e-07	6.28583e-07	4.34617e-07	2.98886e-07	2.03896e-07	1.37414e-07	9.08818e-08	5.83121e-08	3.55147e-08	1.9557e-08	8.38702e-09	3.78767e-09
276.596	8.00179e-05	7.36755e-05	5.91293e-05	4.39034e-05	3.15224e-05	2.22753e-05	1.56289e-05	1.09328e-05	7.63897e-06	5.33514e-06	3.72512e-06	2.6e-06	1.81356e-06	1.26367e-06	8.79083e-07	6.1004e-07	4.21796e-07	2.90069e-07	1.97881e-07	1.3336e-07	8.82008e-08	5.65919e-08	3.4467e-08	1.89801e-08	8.13961e-09	3.67593e-09
288.513	7.78214e-05	7.16284e-05	5.74404e-05	4.2616e-05	3.05822e-05	2.16047e-05	1.51561e-05	1.06013e-05	7.40711e-06	5.17312e-06	3.61197e-06	2.52102e-06	1.75846e-06	1.22528e-06	8.52377e-07	5.91507e-07	4.08982e-07	2.81257e-07	1.9187e-07	1.29309e-07	8.55214e-08	5.48727e-08	3.34199e-08	1.84035e-08	7.89234e-09	3.56426e-09
300.943	7.55795e-05	6.95444e-05	5.57307e-05	4.13196e-05	2.96387e-05	2.0933e-05	1.4683e-05	1.02698e-05	7.17522e-06	5.01111e-06	3.49883e-06	2.44205e-06	1.70338e-06	1.1869e-06	8.25674e-07	5.72977e-07	3.9617e-07	2.72446e-07	1.85859e-07	1.25258e-07	8.28423e-08	5.31538e-08	3.2373e-08	1.7827e-08	7.6451e-09	3.45261e-09
313.905	7.32968e-05	6.7427e-05	5.40021e-05	4.00149e-05	2.86919e-05	2.02599e-05	1.42094e-05	9.93798e-06	6.94325e-06	4.84905e-06	3.38566e-06	2.36305e-06	1.64828e-06	1.1485e-06	7.98966e-07	5.54443e-07	3.83355e-07	2.63633e-07	1.79847e-07	1.21206e-07	8.01626e-08	5.14344e-08	3.13258e-08	1.72504e-08	7.3978e-09	3.34093e-09
327.425	7.09782e-05	6.52801e-05	5.22566e-05	3.87026e-05	2.77421e-05	1.95857e-05	1.37353e-05	9.60598e-06	6.71116e-06	4.68691e-06	3.27244e-06	2.28403e-06	1.59316e-06	1.1101e-06	7.72248e-07	5.35902e-07	3.70536e-07	2.54817e-07	1.73833e-07	1.17153e-07	7.74819e-08	4.97144e-08	3.02783e-08	1.66735e-08	7.15042e-09	3.22921e-09
341.524	6.86285e-05	6.31077e-05	5.04966e-05	3.73838e-05	2.67895e-05	1.89105e-05	1.32607e-05	9.27375e-06	6.47894e-06	4.52471e-06	3.15918e-06	2.20498e-06	1.53801e-06	1.07167e-06	7.45518e-07	5.17353e-07	3.57711e-07	2.45997e-07	1.67816e-07	1.13098e-07	7.48002e-08	4.79938e-08	2.92303e-08	1.60964e-08	6.90294e-09	3.11744e-09
356.229	6.62527e-05	6.0914e-05	4.87245e-05	3.60597e-05	2.58349e-05	1.82344e-05	1.27858e-05	8.94138e-06	6.24666e-06	4.36246e-06	3.04589e-06	2.12591e-06	1.48286e-06	1.03325e-06	7.18785e-07	4.98802e-07	3.44884e-07	2.37176e-07	1.61799e-07	1.09043e-07	7.2118e-08	4.62728e-08	2.81822e-08	1.55192e-08	6.65541e-09	3.00566e-09
371.565	6.38558e-05	5.87032e-05	4.69428e-05	3.47315e-05	2.48789e-05	1.75579e-05	1.23109e-05	8.60904e-06	6.01442e-06	4.20026e-06	2.93264e-06	2.04686e-06	1.42772e-06	9.94827e-07	6.92059e-07	4.80255e-07	3.32061e-07	2.28358e-07	1.55783e-07	1.04988e-07	6.94366e-08	4.45523e-08	2.71343e-08	1.49422e-08	6.40796e-09	2.8939e-09
387.56	6.14429e-05	5.64796e-05	4.51544e-05	3.3401e-05	2.39223e-05	1.68815e-05	1.18361e-05	8.27693e-06	5.78235e-06	4.03818e-06	2.81947e-06	1.96788e-06	1.37263e-06	9.56439e-07	6.65355e-07	4.61724e-07	3.19248e-07	2.19546e-07	1.49772e-07	1.00937e-07	6.67573e-08	4.28332e-08	2.60873e-08	1.43657e-08	6.1607e-09	2.78224e-09
404.241	5.90193e-05	5.42476e-05	4.33622e-05	3.20696e-05	2.29662e-05	1.62058e-05	1.13621e-05	7.94531e-06	5.55066e-06	3.87637e-06	2.70649e-06	1.88902e-06	1.31763e-06	9.18115e-07	6.38695e-07	4.43223e-07	3.06456e-07	2.1075e-07	1.43771e-07	9.6893e-08	6.40825e-08	4.1117e-08	2.50421e-08	1.379e-08	5.91385e-09	2.67076e-09
421.639	5.65901e-05	5.20117e-05	4.15692e-05	3.07395e-05	2.20118e-05	1.55316e-05	1.08892e-05	7.61454e-06	5.31957e-06	3.71498e-06	2.59381e-06	1.81038e-06	1.26277e-06	8.79893e-07	6.12105e-07	4.24772e-07	2.93698e-07	2.01976e-07	1.37785e-07	9.28593e-08	6.14147e-08	3.94053e-08	2.39996e-08	1.3216e-08	5.66766e-09	2.55958e-09
439.783	5.41607e-05	4.97766e-05	3.97787e-05	2.94125e-05	2.10602e-05	1.48597e-05	1.04179e-05	7.28499e-06	5.08933e-06	3.5542e-06	2.48156e-06	1.73203e-06	1.20813e-06	8.41813e-07	5.85615e-07	4.06389e-07	2.80988e-07	1.93235e-07	1.31823e-07	8.88407e-08	5.87569e-08	3.77e-08	2.2961e-08	1.2644e-08	5.42239e-09	2.44881e-09
458.707	5.17363e-05	4.75469e-05	3.7994e-05	2.80909e-05	2.0113e-05	1.41911e-05	9.94908e-06	6.95711e-06	4.86028e-06	3.39424e-06	2.36987e-06	1.65408e-06	1.15375e-06	8.03929e-07	5.59261e-07	3.88101e-07	2.68343e-07	1.84539e-07	1.2589e-07	8.48428e-08	5.61128e-08	3.60034e-08	2.19277e-08	1.2075e-08	5.17837e-09	2.33861e-09
478.442	4.93223e-05	4.53273e-05	3.62186e-05	2.67769e-05	1.91717e-05	1.35267e-05	9.48329e-06	6.6314e-06	4.63274e-06	3.23534e-06	2.25893e-06	1.57665e-06	1.09975e-06	7.66297e-07	5.33082e-07	3.69934e-07	2.55782e-07	1.75901e-07	1.19998e-07	8.08713e-08	5.34862e-08	3.43181e-08	2.09013e-08	1.15098e-08	4.93598e-09	2.22914e-09
499.025	4.6924e-05	4.31227e-05	3.44559e-05	2.5473e-05	1.82378e-05	1.28678e-05	9.02132e-06	6.30837e-06	4.40707e-06	3.07775e-06	2.1489e-06	1.49985e-06	1.04618e-06	7.28975e-07	5.07119e-07	3.51916e-07	2.43324e-07	1.67334e-07	1.14153e-07	7.69326e-08	5.08812e-08	3.26467e-08	1.98833e-08	1.09492e-08	4.69558e-09	2.12057e-09
520.492	4.45469e-05	4.09379e-05	3.27096e-05	2.41817e-05	1.73132e-05	1.22154e-05	8.56399e-06	5.98859e-06	4.18369e-06	2.92175e-06	2.03999e-06	1.42384e-06	9.9316e-07	6.92029e-07	4.81417e-07	3.34081e-07	2.30992e-07	1.58854e-07	1.08368e-07	7.30337e-08	4.83026e-08	3.09922e-08	1.88756e-08	1.03943e-08	4.45761e-09	2.0131e-09
542.88	4.21963e-05	3.87776e-05	3.09834e-05	2.29055e-05	1.63996e-05	1.15709e-05	8.11215e-06	5.67265e-06	3.96298e-06	2.76762e-06	1.93238e-06	1.34873e-06	9.40775e-07	6.55528e-07	4.56025e-07	3.1646e-07	2.18809e-07	1.50475e-07	1.02652e-07	6.91816e-08	4.57549e-08	2.93576e-08	1.78801e-08	9.8461e-09	4.2225e-09	1.90692e-09
566.229	3.98774e-05	3.66467e-05	2.9281e-05	2.16472e-05	1.54988e-05	1.09354e-05	7.66669e-06	5.36118e-06	3.7454e-06	2.61568e-06	1.8263e-06	1.27469e-06	8.8913e-07	6.19542e-07	4.30991e-07	2.99088e-07	2.06797e-07	1.42215e-07	9.70171e-08	6.53839e-08	4.32432e-08	2.7746e-08	1.68985e-08	9.30561e-09	3.99071e-09	1.80225e-09
590.581	3.75955e-05	3.45499e-05	2.76061e-05	2.04092e-05	1.46127e-05	1.03103e-05	7.2285e-06	5.0548e-06	3.53137e-06	2.46622e-06	1.72194e-06	1.20186e-06	8.38327e-07	5.84143e-07	4.06366e-07	2.81999e-07	1.94982e-07	1.34089e-07	9.1474e-08	6.16482e-08	4.07725e-08	2.61607e-08	1.5933e-08	8.77393e-09	3.7627e-09	1.69927e-09
615.978	3.53559e-05	3.24919e-05	2.59622e-05	1.91943e-05	1.37431e-05	9.69688e-06	6.79851e-06	4.75414e-06	3.32135e-06	2.31955e-06	1.61954e-06	1.13039e-06	7.88474e-07	5.49406e-07	3.82201e-07	2.6523e-07	1.83387e-07	1.26115e-07	8.60344e-08	5.79822e-08	3.83479e-08	2.46051e-08	1.49856e-08	8.25218e-09	3.53895e-09	1.59823e-09
642.466	3.31635e-05	3.04774e-05	2.43531e-05	1.80052e-05	1.28919e-05	9.09645e-06	6.37761e-06	4.45985e-06	3.11576e-06	2.17597e-06	1.5193e-06	1.06042e-06	7.39674e-07	5.15403e-07	3.58546e-07	2.48815e-07	1.72037e-07	1.1831e-07	8.07097e-08	5.43937e-08	3.59746e-08	2.30822e-08	1.40581e-08	7.74145e-09	3.31992e-09	1.49931e-09
670.091	3.10232e-05	2.85108e-05	2.27823e-05	1.68443e-05	1.2061e-05	8.51029e-06	5.96672e-06	4.17254e-06	2.91505e-06	2.03581e-06	1.42144e-06	9.9212e-07	6.92032e-07	4.82206e-07	3.35453e-07	2.32789e-07	1.60957e-07	1.1069e-07	7.55114e-08	5.08903e-08	3.36575e-08	2.15956e-08	1.31527e-08	7.24285e-09	3.10609e-09	1.40274e-09
698.901	2.89397e-05	2.65964e-05	2.12531e-05	1.57142e-05	1.12521e-05	7.93964e-06	5.56669e-06	3.89282e-06	2.71965e-06	1.89935e-06	1.32616e-06	9.25622e-07	6.45648e-07	4.49886e-07	3.12969e-07	2.17186e-07	1.50169e-07	1.03271e-07	7.04503e-08	4.74795e-08	3.14017e-08	2.01482e-08	1.22711e-08	6.7574e-09	2.89791e-09	1.30873e-09
728.949	2.69176e-05	2.47382e-05	1.97689e-05	1.46172e-05	1.04669e-05	7.38571e-06	5.17837e-06	3.62129e-06	2.52996e-06	1.76688e-06	1.23367e-06	8.61069e-07	6.00621e-07	4.18512e-07	2.91143e-07	2.0204e-07	1.39696e-07	9.60692e-08	6.55373e-08	4.41684e-08	2.92118e-08	1.87431e-08	1.14154e-08	6.28616e-09	2.69582e-09	1.21746e-09
760.286	2.49609e-05	2.29403e-05	1.83326e-05	1.35557e-05	9.70696e-06	6.84962e-06	4.80255e-06	3.35851e-06	2.34638e-06	1.63868e-06	1.14416e-06	7.98592e-07	5.57042e-07	3.88146e-07	2.70019e-07	1.87381e-07	1.2956e-07	8.90989e-08	6.07822e-08	4.09637e-08	2.70923e-08	1.73832e-08	1.05871e-08	5.83007e-09	2.50022e-09	1.12913e-09
792.969	2.30736e-05	2.1206e-05	1.69472e-05	1.25316e-05	8.9739e-06	6.33245e-06	4.43999e-06	3.10498e-06	2.16927e-06	1.51499e-06	1.0578e-06	7.38317e-07	5.14998e-07	3.58851e-07	2.49639e-07	1.73239e-07	1.19782e-07	8.23742e-08	5.61947e-08	3.7872e-08	2.50476e-08	1.60712e-08	9.78807e-09	5.39005e-09	2.31152e-09	1.04391e-09
827.055	2.12592e-05	1.95387e-05	1.56152e-05	1.15471e-05	8.26903e-06	5.83515e-06	4.09136e-06	2.86119e-06	1.99896e-06	1.39605e-06	9.74757e-07	6.80355e-07	4.74568e-07	3.30679e-07	2.30042e-07	1.59639e-07	1.10379e-07	7.59076e-08	5.17833e-08	3.48989e-08	2.30813e-08	1.48096e-08	9.01968e-09	4.96691e-09	2.13006e-09	9.61958e-10
862.605	1.95208e-05	1.79413e-05	1.4339e-05	1.06036e-05	7.59361e-06	5.35862e-06	3.75727e-06	2.62758e-06	1.83575e-06	1.28207e-06	8.95175e-07	6.2481e-07	4.35824e-07	3.03683e-07	2.11261e-07	1.46606e-07	1.01367e-07	6.97106e-08	4.75557e-08	3.20498e-08	2.11969e-08	1.36005e-08	8.28332e-09	4.56142e-09	1.95616e-09	8.83424e-10
899.68	1.78613e-05	1.64162e-05	1.31205e-05	9.70285e-06	6.94869e-06	4.90359e-06	3.43825e-06	2.40449e-06	1.6799e-06	1.17323e-06	8.19181e-07	5.71768e-07	3.98827e-07	2.77903e-07	1.93327e-07	1.34161e-07	9.27623e-08	6.37928e-08	4.35187e-08	2.93291e-08	1.93975e-08	1.2446e-08	7.58015e-09	4.1742e-09	1.79011e-09	8.08431e-10
938.347	1.62829e-05	1.49657e-05	1.19615e-05	8.84598e-06	6.33518e-06	4.47071e-06	3.13476e-06	2.19226e-06	1.53163e-06	1.06968e-06	7.46884e-07	5.21307e-07	3.63629e-07	2.53377e-07	1.76265e-07	1.2232e-07	8.45758e-08	5.81629e-08	3.96781e-08	2.67407e-08	1.76856e-08	1.13476e-08	6.91118e-09	3.80582e-09	1.63212e-09	7.37084e-10
978.674	1.47873e-05	1.35912e-05	1.08632e-05	8.034e-06	5.75378e-06	4.06048e-06	2.84714e-06	1.99113e-06	1.39111e-06	9.71551e-07	6.78365e-07	4.73483e-07	3.3027e-07	2.30133e-07	1.60095e-07	1.11099e-07	7.68171e-08	5.28272e-08	3.60381e-08	2.42876e-08	1.60632e-08	1.03066e-08	6.27717e-09	3.45668e-09	1.4824e-09	6.69467e-10
1020.73	1.33759e-05	1.22941e-05	9.82669e-06	7.26762e-06	5.20502e-06	3.67326e-06	2.57565e-06	1.80128e-06	1.25848e-06	8.78919e-07	6.13688e-07	4.2834e-07	2.98782e-07	2.08192e-07	1.44832e-07	1.00507e-07	6.94933e-08	4.77907e-08	3.26023e-08	2.19721e-08	1.45318e-08	9.32396e-09	5.67871e-09	3.12712e-09	1.34107e-09	6.0564e-10
1064.6	1.20495e-05	1.10751e-05	8.8525e-06	6.54728e-06	4.68921e-06	3.30929e-06	2.32046e-06	1.62282e-06	1.1338e-06	7.91844e-07	5.5289e-07	3.85905e-07	2.69182e-07	1.87566e-07	1.30483e-07	9.05499e-08	6.26088e-08	4.30562e-08	2.93724e-08	1.97953e-08	1.30921e-08	8.40026e-09	5.11613e-09	2.81733e-09	1.20821e-09	5.45641e-10
1110.34	1.08082e-05	9.93427e-06	7.9408e-06	5.87313e-06	4.20645e-06	2.96863e-06	2.0816e-06	1.45578e-06	1.0171e-06	7.10343e-07	4.95984e-07	3.46186e-07	2.41477e-07	1.68262e-07	1.17054e-07	8.12304e-08	5.6165e-08	3.86248e-08	2.63494e-08	1.7758e-08	1.17447e-08	7.5357e-09	4.58957e-09	2.52737e-09	1.08386e-09	4.89483e-10
1158.06	9.65184e-06	8.87146e-06	7.09141e-06	5.24502e-06	3.75664e-06	2.65121e-06	1.85905e-06	1.30014e-06	9.0836e-07	6.34401e-07	4.4296e-07	3.09177e-07	2.15662e-07	1.50274e-07	1.0454e-07	7.25464e-08	5.01607e-08	3.44956e-08	2.35325e-08	1.58596e-08	1.04891e-08	6.73009e-09	4.09893e-09	2.25718e-09	9.6799e-10	4.37155e-10
1207.82	8.57951e-06	7.88589e-06	6.30371e-06	4.6625e-06	3.33948e-06	2.35683e-06	1.65263e-06	1.15579e-06	8.07509e-07	5.63968e-07	3.93781e-07	2.74851e-07	1.91718e-07	1.3359e-07	9.2934e-08	6.44922e-08	4.45918e-08	3.06658e-08	2.09199e-08	1.40988e-08	9.32459e-09	5.98291e-09	3.64386e-09	2.00658e-09	8.60523e-10	3.88621e-10
1259.71	7.5899e-06	6.97633e-06	5.57674e-06	4.12488e-06	2.95445e-06	2.08511e-06	1.46211e-06	1.02255e-06	7.14422e-07	4.98956e-07	3.48388e-07	2.43168e-07	1.69618e-07	1.18191e-07	8.22212e-08	5.7058e-08	3.94515e-08	2.71309e-08	1.85084e-08	1.24736e-08	8.24972e-09	5.29324e-09	3.22382e-09	1.77528e-09	7.61328e-10	3.43824e-10
1313.83	6.68116e-06	6.1411e-06	4.90915e-06	3.63115e-06	2.60085e-06	1.83558e-06	1.28714e-06	9.00183e-07	6.2893e-07	4.39249e-07	3.06699e-07	2.1407e-07	1.49321e-07	1.04048e-07	7.23824e-08	5.02303e-08	3.47307e-08	2.38844e-08	1.62937e-08	1.0981e-08	7.26255e-09	4.65985e-09	2.83805e-09	1.56285e-09	6.70226e-10	3.02681e-10
1370.28	5.851e-06	5.37808e-06	4.29925e-06	3.18008e-06	2.27779e-06	1.60759e-06	1.12728e-06	7.88382e-07	5.50819e-07	3.84696e-07	2.68609e-07	1.87484e-07	1.30777e-07	9.11257e-08	6.33931e-08	4.39921e-08	3.04174e-08	2.09181e-08	1.42701e-08	9.61724e-09	6.36059e-09	4.08113e-09	2.48559e-09	1.36875e-09	5.86989e-10	2.65091e-10
1429.15	5.09668e-06	4.68475e-06	3.74505e-06	2.77019e-06	1.98422e-06	1.40041e-06	9.82e-07	6.86782e-07	4.79836e-07	3.35121e-07	2.33994e-07	1.63323e-07	1.13924e-07	7.93826e-08	5.52238e-08	3.8323e-08	2.64976e-08	1.82225e-08	1.24312e-08	8.3779e-09	5.54093e-09	3.55521e-09	2.16528e-09	1.19237e-09	5.11346e-10	2.30929e-10
1490.55	4.41507e-06	4.05825e-06	3.24426e-06	2.39978e-06	1.71893e-06	1.21318e-06	8.50713e-07	5.94966e-07	4.15687e-07	2.90319e-07	2.02712e-07	1.41489e-07	9.86937e-08	6.87702e-08	4.78411e-08	3.31997e-08	2.29552e-08	1.57864e-08	1.07693e-08	7.25788e-09	4.80018e-09	3.07992e-09	1.87581e-09	1.03296e-09	4.42986e-10	2.00057e-10
1554.58	3.80269e-06	3.49538e-06	2.79432e-06	2.06699e-06	1.48056e-06	1.04495e-06	7.32752e-07	5.12468e-07	3.58048e-07	2.50064e-07	1.74604e-07	1.21871e-07	8.50092e-08	5.92348e-08	4.12077e-08	2.85964e-08	1.97724e-08	1.35975e-08	9.27606e-09	6.25154e-09	4.13461e-09	2.65288e-09	1.61572e-09	8.89737e-10	3.81563e-10	1.72318e-10
1621.37	3.2558e-06	2.9927e-06	2.39248e-06	1.76976e-06	1.26767e-06	8.94703e-07	6.27396e-07	4.38785e-07	3.06568e-07	2.14111e-07	1.495e-07	1.04348e-07	7.27869e-08	5.07182e-08	3.5283e-08	2.44849e-08	1.69296e-08	1.16425e-08	7.94239e-09	5.35271e-09	3.54015e-09	2.27145e-09	1.38342e-09	7.61814e-10	3.26704e-10	1.47543e-10
1691.02	2.77041e-06	2.54654e-06	2.03582e-06	1.50595e-06	1.07871e-06	7.61341e-07	5.33879e-07	3.73383e-07	2.60874e-07	1.82197e-07	1.27217e-07	8.87952e-08	6.19379e-08	4.31586e-08	3.0024e-08	2.08354e-08	1.44062e-08	9.90718e-09	6.75857e-09	4.55489e-09	3.01249e-09	1.93289e-09	1.17722e-09	6.48265e-10	2.78008e-10	1.25552e-10
1763.66	2.34235e-06	2.15308e-06	1.72128e-06	1.27329e-06	9.12061e-07	6.43723e-07	4.51403e-07	3.15701e-07	2.20573e-07	1.54051e-07	1.07564e-07	7.5078e-08	5.23697e-08	3.64914e-08	2.53859e-08	1.76167e-08	1.21807e-08	8.37671e-09	5.7145e-09	3.85125e-09	2.54712e-09	1.6343e-09	9.95361e-10	5.48121e-10	2.35061e-10	1.06156e-10
1839.42	1.96735e-06	1.80838e-06	1.44573e-06	1.06945e-06	7.6606e-07	5.40679e-07	3.79146e-07	2.65167e-07	1.85266e-07	1.29392e-07	9.03464e-08	6.30603e-08	4.39869e-08	3.06503e-08	2.13224e-08	1.47968e-08	1.0231e-08	7.03586e-09	4.79978e-09	3.23478e-09	2.1394e-09	1.3727e-09	8.36034e-10	4.60383e-10	1.97435e-10	8.91639e-11
1918.43	1.64108e-06	1.50848e-06	1.20597e-06	8.92108e-07	6.39028e-07	4.51023e-07	3.16275e-07	2.21197e-07	1.54545e-07	1.07936e-07	7.53653e-08	5.26037e-08	3.66931e-08	2.55679e-08	1.77867e-08	1.23433e-08	8.53448e-09	5.86919e-09	4.00389e-09	2.6984e-09	1.78465e-09	1.14508e-09	6.97405e-10	3.84044e-10	1.64697e-10	7.43789e-11
2000.83	1.35923e-06	1.2494e-06	9.98857e-07	7.38899e-07	5.29284e-07	3.73567e-07	2.61961e-07	1.83211e-07	1.28005e-07	8.94005e-08	6.24229e-08	4.35702e-08	3.03918e-08	2.11772e-08	1.47323e-08	1.02236e-08	7.06887e-09	4.86128e-09	3.31631e-09	2.235e-09	1.47817e-09	9.48437e-10	5.7764e-10	3.18092e-10	1.36414e-10	6.1606e-11
2086.77	1.11753e-06	1.02724e-06	8.21245e-07	6.07514e-07	4.35173e-07	3.07144e-07	2.15383e-07	1.50635e-07	1.05245e-07	7.35047e-08	5.13239e-08	3.58232e-08	2.49881e-08	1.74118e-08	1.21128e-08	8.40578e-09	5.812e-09	3.99693e-09	2.72666e-09	1.83761e-09	1.21535e-09	7.79802e-10	4.74934e-10	2.61535e-10	1.12159e-10	5.06522e-11
2176.4	9.11838e-07	8.38167e-07	6.70092e-07	4.95701e-07	3.55081e-07	2.50616e-07	1.75743e-07	1.22911e-07	8.58757e-08	5.99767e-08	4.18781e-08	2.92302e-08	2.03892e-08	1.42073e-08	9.88353e-09	6.85876e-09	4.74234e-09	3.26132e-09	2.22484e-09	1.49941e-09	9.91674e-10	6.36285e-10	3.87526e-10	2.13401e-10	9.1517e-11	4.133e-11
2269.88	7.38168e-07	6.78529e-07	5.42468e-07	4.01292e-07	2.87454e-07	2.02886e-07	1.42272e-07	9.95029e-08	6.95207e-08	4.85541e-08	3.39024e-08	2.36633e-08	1.65061e-08	1.15015e-08	8.00122e-09	5.55251e-09	3.83917e-09	2.64021e-09	1.80112e-09	1.21385e-09	8.02811e-10	5.15105e-10	3.13722e-10	1.72759e-10	7.40876e-11	3.34588e-11
2367.37	5.92725e-07	5.44837e-07	4.35585e-07	3.22226e-07	2.30818e-07	1.62912e-07	1.14241e-07	7.98984e-08	5.58234e-08	3.89878e-08	2.72229e-08	1.90011e-08	1.3254e-08	9.23545e-09	6.4248e-09	4.45854e-09	3.08276e-09	2.12003e-09	1.44626e-09	9.74695e-10	6.44639e-10	4.13618e-10	2.51912e-10	1.38721e-10	5.94907e-11	2.68666e-11
2400	5.47741e-07	5.03488e-07	4.02528e-07	2.97772e-07	2.13301e-07	1.50549e-07	1.05571e-07	7.38349e-08	5.1587e-08	3.6029e-08	2.51569e-08	1.75591e-08	1.22481e-08	8.53457e-09	5.93722e-09	4.12018e-09	2.84881e-09	1.95914e-09	1.3365e-09	9.00726e-10	5.95717e-10	3.82228e-10	2.32794e-10	1.28194e-10	5.49759e-11	2.48277e-11
