x	N1	N2	N8	N14	N20	N26	N32	N38	N44	N50	N56	N62	N68	N74	N80	N86	N92	N98	N104	N110	N116	N122	N128	N134	N140	N146
0.01	0.000320731	0.000320731	0.000320731	0.000320731	0.000320731	0.000320731	0.000320731	0.000320731	0.000320732	0.000320731	0.000320736	0.000320677	0.000319515	0.000313926	0.0002991	0.00027216	0.000234656	0.000191641	0.000148807	0.000110309	7.81605e-05	5.2682e-05	3.32229e-05	1.8743e-05	8.16369e-06	3.71932e-06
0.02036	0.000321052	0.000321053	0.000321053	0.000321052	0.000321052	0.000321052	0.000321053	0.000321052	0.000321054	0.000321048	0.00032108	0.000320569	0.000315967	0.000300573	0.000269867	0.000226434	0.000178191	0.00013296	9.51672e-05	6.58644e-05	4.41684e-05	2.85322e-05	1.74306e-05	9.61031e-06	4.12296e-06	1.86212e-06
0.031381	0.000321306	0.000321305	0.000321304	0.000321305	0.000321305	0.000321305	0.000321305	0.000321305	0.000321304	0.000321305	0.000321333	0.000319525	0.000309433	0.00028371	0.000242102	0.000192516	0.000144539	0.000104066	7.27068e-05	4.95761e-05	3.29658e-05	2.12009e-05	1.29237e-05	7.11861e-06	3.05287e-06	1.37865e-06
0.0433274	0.000321533	0.000321528	0.000321527	0.00032153	0.000321529	0.00032153	0.000321528	0.000321532	0.000321521	0.000321557	0.000321401	0.000317215	0.000300517	0.000265969	0.000218158	0.000167556	0.000122636	8.6874e-05	6.01329e-05	4.08018e-05	2.70657e-05	1.73869e-05	1.05937e-05	5.83407e-06	2.50184e-06	1.1298e-06
0.0564444	0.000321742	0.00032174	0.000321739	0.000321741	0.00032174	0.000321741	0.000321738	0.000321746	0.000321723	0.000321821	0.000321106	0.000313504	0.000289975	0.000248648	0.000197858	0.000148469	0.000107034	7.5164e-05	5.17892e-05	3.50608e-05	2.32328e-05	1.49176e-05	9.08737e-06	5.0042e-06	2.14592e-06	9.69072e-07
0.07097	0.000321942	0.000321947	0.000321948	0.000321945	0.000321946	0.000321946	0.000321945	0.000321949	0.000321929	0.000322069	0.000320263	0.000308427	0.00027844	0.000232271	0.00018054	0.000133282	9.51489e-05	6.64645e-05	4.5673e-05	3.08807e-05	2.04509e-05	1.31281e-05	7.99644e-06	4.4033e-06	1.88824e-06	8.52705e-07
0.0871454	0.000322142	0.000322154	0.000322155	0.000322149	0.000322152	0.000322149	0.000322153	0.000322146	0.000322155	0.000322239	0.000318716	0.000302117	0.000266382	0.000216996	0.000165586	0.000120794	8.56532e-05	5.96212e-05	4.08997e-05	2.76309e-05	1.8292e-05	1.17404e-05	7.15079e-06	3.93758e-06	1.68852e-06	7.62518e-07
0.105223	0.000322349	0.000322361	0.000322362	0.000322355	0.00032236	0.000322354	0.000322365	0.00032234	0.000322409	0.00032224	0.000316361	0.000294749	0.000254132	0.000202831	0.000152515	0.000110264	7.78034e-05	5.40226e-05	3.70146e-05	2.49923e-05	1.65412e-05	1.06156e-05	6.46545e-06	3.56016e-06	1.52668e-06	6.89433e-07
0.125473	0.000322567	0.000322569	0.00032257	0.000322568	0.00032257	0.000322565	0.000322578	0.000322539	0.000322685	0.000321969	0.000313137	0.00028651	0.000241919	0.00018972	0.000140966	0.000101206	7.11492e-05	4.93116e-05	3.37572e-05	2.27838e-05	1.50768e-05	9.6751e-06	5.8925e-06	3.24465e-06	1.39138e-06	6.28338e-07
0.14819	0.000322792	0.000322783	0.000322782	0.000322787	0.000322786	0.000322784	0.000322793	0.000322754	0.000322961	0.000321321	0.000309029	0.000277586	0.000229904	0.000177586	0.000130667	9.32962e-05	6.5401e-05	4.52642e-05	3.0966e-05	2.08936e-05	1.38242e-05	8.87083e-06	5.40258e-06	2.97488e-06	1.2757e-06	5.76098e-07
0.173699	0.000323023	0.000323005	0.000323003	0.000323013	0.000323008	0.000323012	0.00032301	0.000322994	0.000323197	0.000320197	0.000304058	0.000268147	0.000218192	0.000166348	0.000121412	8.63036e-05	6.03624e-05	4.17311e-05	2.85343e-05	1.92484e-05	1.27344e-05	8.17121e-06	4.97644e-06	2.74023e-06	1.17508e-06	5.30659e-07
0.202358	0.000323257	0.000323238	0.000323235	0.000323248	0.000323239	0.00032325	0.000323231	0.000323264	0.00032334	0.00031851	0.000298272	0.000258346	0.000206855	0.000155929	0.00011304	8.00615e-05	5.58947e-05	3.86085e-05	2.63885e-05	1.77976e-05	1.17737e-05	7.55457e-06	4.60086e-06	2.53342e-06	1.0864e-06	4.90611e-07
0.234571	0.000323495	0.000323483	0.00032348	0.00032349	0.000323481	0.000323497	0.000323459	0.000323565	0.000323324	0.000316195	0.000291737	0.000248319	0.00019594	0.000146255	0.000105425	7.44451e-05	5.18964e-05	3.58213e-05	2.44754e-05	1.6505e-05	1.0918e-05	7.00532e-06	4.26633e-06	2.34922e-06	1.00741e-06	4.54942e-07
0.270786	0.00032374	0.000323741	0.00032374	0.000323742	0.000323736	0.000323753	0.000323702	0.000323887	0.000323073	0.000313203	0.000284537	0.000238183	0.000185471	0.000137263	9.84677e-05	6.93585e-05	4.82912e-05	3.33135e-05	2.27559e-05	1.53436e-05	1.01492e-05	6.51197e-06	3.96586e-06	2.18377e-06	9.36463e-07	4.22904e-07
0.311506	0.000323996	0.000324011	0.000324011	0.000324006	0.000324004	0.000324016	0.000323967	0.000324213	0.000322511	0.000309509	0.00027676	0.000228035	0.000175464	0.000128893	9.20848e-05	6.47266e-05	4.50202e-05	3.1042e-05	2.11996e-05	1.42929e-05	9.45389e-06	6.06574e-06	3.6941e-06	2.03413e-06	8.72294e-07	3.93926e-07
0.357297	0.000324268	0.000324292	0.000324295	0.000324281	0.000324288	0.000324286	0.000324261	0.000324512	0.00032156	0.000305106	0.000268503	0.000217959	0.00016592	0.000121094	8.62092e-05	6.04893e-05	4.20368e-05	2.89734e-05	1.97833e-05	1.3337e-05	8.82132e-06	5.65982e-06	3.44688e-06	1.89801e-06	8.13923e-07	3.67567e-07
0.408792	0.000324561	0.000324586	0.00032459	0.000324572	0.000324586	0.000324567	0.000324588	0.000324743	0.000320147	0.000300008	0.00025986	0.000208022	0.000156837	0.000113818	8.07849e-05	5.65978e-05	3.9304e-05	2.70806e-05	1.84881e-05	1.2463e-05	8.24307e-06	5.28878e-06	3.22091e-06	1.77358e-06	7.60568e-07	3.43472e-07
0.466704	0.000324875	0.000324892	0.000324897	0.00032488	0.000324899	0.000324861	0.00032495	0.000324855	0.00031821	0.000294245	0.000250925	0.00019828	0.000148207	0.000107022	7.57643e-05	5.30121e-05	3.67913e-05	2.53421e-05	1.7299e-05	1.16609e-05	7.71236e-06	4.94824e-06	3.01353e-06	1.65939e-06	7.11599e-07	3.21358e-07
0.5	0.000325051	0.000325061	0.000325066	0.000325051	0.000325072	0.000325024	0.000325155	0.000324869	0.000316996	0.000290942	0.000246035	0.000193096	0.000143691	0.000103498	7.31734e-05	5.1166e-05	3.5499e-05	2.44485e-05	1.6688e-05	1.12487e-05	7.43967e-06	4.77327e-06	2.90697e-06	1.60071e-06	6.86439e-07	3.09996e-07
0.572105	0.000325409	0.000325403	0.000325405	0.0003254	0.000325419	0.00032536	0.000325575	0.000324664	0.000314029	0.000283983	0.000236493	0.000183431	0.000135487	9.7187e-05	6.85659e-05	4.78945e-05	3.3213e-05	2.2869e-05	1.56082e-05	1.05204e-05	6.95793e-06	4.46418e-06	2.71873e-06	1.49706e-06	6.41992e-07	2.89924e-07
0.649789	0.000325769	0.000325749	0.000325749	0.000325754	0.000325765	0.000325711	0.000325984	0.000324188	0.000310566	0.00027679	0.000227264	0.000174445	0.000128028	9.15168e-05	6.44512e-05	4.49816e-05	3.11804e-05	2.14654e-05	1.46491e-05	9.87366e-06	6.53009e-06	4.18967e-06	2.55156e-06	1.40501e-06	6.02518e-07	2.72098e-07
0.731936	0.000326124	0.000326095	0.000326092	0.000326108	0.000326105	0.000326074	0.000326356	0.000323427	0.000306718	0.00026957	0.000218514	0.000166209	0.00012132	8.64683e-05	6.08062e-05	4.24074e-05	2.93862e-05	2.02272e-05	1.38032e-05	9.30326e-06	6.15279e-06	3.94759e-06	2.40413e-06	1.32384e-06	5.67708e-07	2.56378e-07
0.817654	0.000326469	0.00032644	0.000326433	0.000326458	0.000326438	0.000326446	0.000326668	0.000322389	0.000302594	0.000262467	0.000210322	0.000158717	0.000115316	8.19875e-05	5.75845e-05	4.01369e-05	2.78052e-05	1.91366e-05	1.30583e-05	8.80098e-06	5.82057e-06	3.73444e-06	2.27432e-06	1.25236e-06	5.37057e-07	2.42536e-07
0.906228	0.000326803	0.00032678	0.000326771	0.0003268	0.000326764	0.000326823	0.000326901	0.000321094	0.00029829	0.000255579	0.000202708	0.000151926	0.000109947	7.8009e-05	5.4734e-05	3.81314e-05	2.64098e-05	1.81744e-05	1.24011e-05	8.35795e-06	5.52755e-06	3.54643e-06	2.15983e-06	1.18931e-06	5.10022e-07	2.30327e-07
0.997088	0.000327126	0.000327113	0.000327103	0.000327133	0.000327082	0.000327201	0.000327043	0.000319573	0.000293888	0.000248964	0.000195662	0.000145774	0.00010514	7.44681e-05	5.22045e-05	3.63542e-05	2.51741e-05	1.73225e-05	1.18195e-05	7.96583e-06	5.26819e-06	3.38004e-06	2.05849e-06	1.13351e-06	4.86094e-07	2.19522e-07
1	0.000327137	0.000327124	0.000327114	0.000327144	0.000327093	0.000327213	0.000327047	0.000319524	0.000293746	0.000248752	0.000195437	0.000145577	0.000104987	7.43551e-05	5.21238e-05	3.62975e-05	2.51347e-05	1.72954e-05	1.18009e-05	7.95331e-06	5.25991e-06	3.37472e-06	2.05525e-06	1.13173e-06	4.8533e-07	2.19176e-07
1.09415	0.000327454	0.000327454	0.000327445	0.000327471	0.00032741	0.000327593	0.000327085	0.000317773	0.000289243	0.000242363	0.000188857	0.000139943	0.00010063	7.11626e-05	4.98492e-05	3.47014e-05	2.40256e-05	1.6531e-05	1.1279e-05	7.60151e-06	5.02724e-06	3.22544e-06	1.96435e-06	1.08167e-06	4.63863e-07	2.09482e-07
1.19041	0.000327766	0.000327778	0.00032777	0.00032779	0.000327724	0.000327965	0.000327017	0.000315843	0.000284729	0.000236264	0.000182752	0.000134799	9.66872e-05	6.82864e-05	4.78043e-05	3.3268e-05	2.303e-05	1.5845e-05	1.08107e-05	7.28583e-06	4.81845e-06	3.09149e-06	1.88277e-06	1.03675e-06	4.44601e-07	2.00783e-07
1.28932	0.000328074	0.000328097	0.000328092	0.000328103	0.000328038	0.000328327	0.000326839	0.000313746	0.000280209	0.000230414	0.000177044	0.000130059	9.30805e-05	6.56653e-05	4.59443e-05	3.19653e-05	2.21256e-05	1.5222e-05	1.03855e-05	6.99916e-06	4.62886e-06	2.96985e-06	1.80869e-06	9.95964e-07	4.27108e-07	1.92884e-07
1.39135	0.000328382	0.000328414	0.000328412	0.000328412	0.000328356	0.000328677	0.000326546	0.00031149	0.000275686	0.000224783	0.000171674	0.000125655	8.97528e-05	6.32552e-05	4.42368e-05	3.07704e-05	2.12964e-05	1.46508e-05	9.99557e-06	6.73636e-06	4.45505e-06	2.85834e-06	1.74078e-06	9.5857e-07	4.11073e-07	1.85642e-07
1.49688	0.000328691	0.000328728	0.000328731	0.000328718	0.000328679	0.00032901	0.000326135	0.000309085	0.000271163	0.00021935	0.000166597	0.00012154	8.66613e-05	6.10227e-05	4.26575e-05	2.9666e-05	2.05301e-05	1.41231e-05	9.63539e-06	6.49359e-06	4.29449e-06	2.75533e-06	1.67804e-06	9.24026e-07	3.96259e-07	1.78953e-07
1.60628	0.000329003	0.000329041	0.000329049	0.000329022	0.000329008	0.000329321	0.000325602	0.00030654	0.000266647	0.000214095	0.00016178	0.000117674	8.37729e-05	5.89426e-05	4.11878e-05	2.86388e-05	1.98177e-05	1.36326e-05	9.30058e-06	6.26792e-06	4.14525e-06	2.65957e-06	1.61973e-06	8.91916e-07	3.8249e-07	1.72734e-07
1.71985	0.00032932	0.000329354	0.000329367	0.000329327	0.000329344	0.000329606	0.000324946	0.000303864	0.000262141	0.000209006	0.000157193	0.000114028	8.10619e-05	5.69948e-05	3.98132e-05	2.76786e-05	1.91519e-05	1.31742e-05	8.98774e-06	6.05707e-06	4.0058e-06	2.5701e-06	1.56524e-06	8.61914e-07	3.69624e-07	1.66924e-07
1.83792	0.00032964	0.000329667	0.000329685	0.000329634	0.000329688	0.00032986	0.000324165	0.000301066	0.000257652	0.000204073	0.000152815	0.000110578	7.85076e-05	5.51635e-05	3.85222e-05	2.67773e-05	1.8527e-05	1.2744e-05	8.69418e-06	5.85921e-06	3.87495e-06	2.48615e-06	1.51412e-06	8.33762e-07	3.57551e-07	1.61472e-07
1.96074	0.000329964	0.000329982	0.000330004	0.000329942	0.000330039	0.000330076	0.000323256	0.000298154	0.000253184	0.000199285	0.000148628	0.000107303	7.6093e-05	5.34359e-05	3.73054e-05	2.59282e-05	1.79385e-05	1.23389e-05	8.41771e-06	5.67287e-06	3.75171e-06	2.40709e-06	1.46597e-06	8.07248e-07	3.46181e-07	1.56337e-07
2.08861	0.000330293	0.0003303	0.000330324	0.000330254	0.000330398	0.00033025	0.00032222	0.000295138	0.000248743	0.000194636	0.000144616	0.000104188	7.38043e-05	5.18012e-05	3.61551e-05	2.51257e-05	1.73824e-05	1.19561e-05	8.15652e-06	5.49684e-06	3.63529e-06	2.3324e-06	1.42048e-06	7.82201e-07	3.3544e-07	1.51487e-07
2.2218	0.000330625	0.00033062	0.000330646	0.000330571	0.000330762	0.000330375	0.000321057	0.000292026	0.000244332	0.00019012	0.000140766	0.000101219	7.16297e-05	5.02505e-05	3.50647e-05	2.43654e-05	1.68556e-05	1.15935e-05	7.9091e-06	5.33009e-06	3.52502e-06	2.26164e-06	1.37739e-06	7.58475e-07	3.25266e-07	1.46892e-07
2.36056	0.000330961	0.000330944	0.000330971	0.000330893	0.000331132	0.000330445	0.000319767	0.000288827	0.000239957	0.00018573	0.000137067	9.83825e-05	6.95591e-05	4.87762e-05	3.40288e-05	2.36433e-05	1.63554e-05	1.12492e-05	7.67418e-06	5.17177e-06	3.42031e-06	2.19447e-06	1.33648e-06	7.35947e-07	3.15605e-07	1.42529e-07
2.50518	0.000331301	0.000331272	0.000331297	0.000331221	0.000331505	0.000330456	0.000318352	0.000285549	0.000235621	0.000181463	0.000133509	9.56693e-05	6.75839e-05	4.73718e-05	3.30426e-05	2.2956e-05	1.58793e-05	1.09217e-05	7.45067e-06	5.02113e-06	3.32069e-06	2.13055e-06	1.29756e-06	7.14513e-07	3.06413e-07	1.38378e-07
2.65592	0.000331643	0.000331605	0.000331626	0.000331557	0.000331879	0.000330402	0.000316813	0.000282199	0.000231327	0.000177312	0.000130082	9.30702e-05	6.56967e-05	4.60316e-05	3.21021e-05	2.23008e-05	1.54255e-05	1.06094e-05	7.2376e-06	4.87754e-06	3.22573e-06	2.06962e-06	1.26045e-06	6.94082e-07	2.97652e-07	1.34421e-07
2.81308	0.000331987	0.000331943	0.000331959	0.0003319	0.000332252	0.000330277	0.000315153	0.000278787	0.000227079	0.000173274	0.000126779	9.0577e-05	6.38907e-05	4.47506e-05	3.12036e-05	2.1675e-05	1.49922e-05	1.03112e-05	7.03416e-06	4.74043e-06	3.13505e-06	2.01145e-06	1.22502e-06	6.74573e-07	2.89286e-07	1.30643e-07
2.97693	0.000332334	0.000332286	0.000332296	0.000332252	0.000332621	0.000330078	0.000313375	0.00027532	0.00022288	0.000169345	0.000123593	8.81827e-05	6.21602e-05	4.35245e-05	3.03441e-05	2.10765e-05	1.45778e-05	1.00261e-05	6.8396e-06	4.60931e-06	3.04834e-06	1.95582e-06	1.19114e-06	6.55917e-07	2.81285e-07	1.2703e-07
3.14779	0.000332684	0.000332636	0.000332637	0.000332612	0.000332984	0.0003298	0.000311481	0.000271804	0.000218732	0.00016552	0.000120517	8.58807e-05	6.04999e-05	4.23493e-05	2.95206e-05	2.05033e-05	1.41809e-05	9.75298e-06	6.65329e-06	4.48375e-06	2.9653e-06	1.90254e-06	1.1587e-06	6.38051e-07	2.73624e-07	1.2357e-07
3.32595	0.000333037	0.000332992	0.000332983	0.000332982	0.000333337	0.000329439	0.000309474	0.000268247	0.000214637	0.000161797	0.000117545	8.36653e-05	5.89052e-05	4.12215e-05	2.87307e-05	1.99535e-05	1.38003e-05	9.49113e-06	6.47464e-06	4.36335e-06	2.88568e-06	1.85146e-06	1.12759e-06	6.2092e-07	2.66277e-07	1.20253e-07
3.51173	0.000333392	0.000333354	0.000333334	0.000333362	0.000333676	0.000328991	0.00030736	0.000264656	0.000210597	0.000158172	0.000114672	8.15313e-05	5.73718e-05	4.01381e-05	2.79722e-05	1.94256e-05	1.34349e-05	9.23975e-06	6.30313e-06	4.24777e-06	2.80924e-06	1.80242e-06	1.09772e-06	6.04474e-07	2.59225e-07	1.17068e-07
3.70548	0.000333751	0.000333723	0.000333691	0.000333752	0.000333999	0.000328453	0.00030514	0.000261036	0.000206613	0.000154642	0.000111892	7.94739e-05	5.58958e-05	3.90961e-05	2.7243e-05	1.89183e-05	1.30837e-05	8.99816e-06	6.13831e-06	4.13669e-06	2.73578e-06	1.75529e-06	1.06902e-06	5.88668e-07	2.52447e-07	1.14007e-07
3.90753	0.000334114	0.000334098	0.000334054	0.000334151	0.000334301	0.000327822	0.000302819	0.000257393	0.000202687	0.000151203	0.000109202	7.74888e-05	5.4474e-05	3.8093e-05	2.65413e-05	1.84301e-05	1.27459e-05	8.76573e-06	5.97974e-06	4.02983e-06	2.66511e-06	1.70994e-06	1.0414e-06	5.73463e-07	2.45926e-07	1.11062e-07
4.11825	0.000334482	0.00033448	0.000334425	0.00033456	0.000334578	0.000327096	0.000300403	0.000253733	0.00019882	0.000147854	0.000106596	7.55719e-05	5.3103e-05	3.71265e-05	2.58654e-05	1.796e-05	1.24205e-05	8.54191e-06	5.82705e-06	3.92693e-06	2.59706e-06	1.66628e-06	1.01481e-06	5.58821e-07	2.39647e-07	1.08226e-07
4.33801	0.000334856	0.000334868	0.000334803	0.000334978	0.000334825	0.000326274	0.000297894	0.000250061	0.000195012	0.00014459	0.000104071	7.37196e-05	5.17801e-05	3.61945e-05	2.52138e-05	1.75068e-05	1.21069e-05	8.3262e-06	5.67988e-06	3.82775e-06	2.53147e-06	1.6242e-06	9.89186e-07	5.44709e-07	2.33595e-07	1.05493e-07
4.56719	0.000335235	0.000335263	0.000335188	0.000335405	0.000335039	0.000325353	0.000295298	0.000246381	0.000191264	0.000141409	0.000101623	7.19286e-05	5.05026e-05	3.52951e-05	2.45851e-05	1.70697e-05	1.18044e-05	8.11812e-06	5.53792e-06	3.73208e-06	2.4682e-06	1.58361e-06	9.64465e-07	5.31097e-07	2.27758e-07	1.02857e-07
4.80621	0.000335622	0.000335665	0.000335583	0.00033584	0.000335215	0.000324332	0.000292619	0.000242699	0.000187577	0.000138308	9.92491e-05	7.01958e-05	4.92681e-05	3.44264e-05	2.39781e-05	1.66477e-05	1.15124e-05	7.91725e-06	5.40089e-06	3.63974e-06	2.40713e-06	1.54443e-06	9.40602e-07	5.17957e-07	2.22123e-07	1.00312e-07
5.05549	0.000336017	0.000336072	0.000335986	0.000336281	0.000335349	0.000323211	0.000289863	0.000239018	0.00018395	0.000135286	9.69454e-05	6.85184e-05	4.80743e-05	3.35868e-05	2.33916e-05	1.62399e-05	1.12303e-05	7.7232e-06	5.26851e-06	3.55052e-06	2.34813e-06	1.50658e-06	9.1755e-07	5.05263e-07	2.16679e-07	9.7854e-08
5.31547	0.00033642	0.000336486	0.000336398	0.000336728	0.000335435	0.000321989	0.000287033	0.000235343	0.000180385	0.000132339	9.47091e-05	6.68936e-05	4.69192e-05	3.27749e-05	2.28246e-05	1.58458e-05	1.09576e-05	7.53562e-06	5.14054e-06	3.46429e-06	2.2911e-06	1.46999e-06	8.95265e-07	4.92992e-07	2.11417e-07	9.54775e-08
5.58661	0.000336833	0.000336907	0.000336821	0.00033718	0.000335471	0.000320666	0.000284135	0.000231677	0.00017688	0.000129466	9.25375e-05	6.53189e-05	4.5801e-05	3.19892e-05	2.2276e-05	1.54645e-05	1.06938e-05	7.35417e-06	5.01676e-06	3.38087e-06	2.23593e-06	1.43459e-06	8.7371e-07	4.81122e-07	2.06327e-07	9.31787e-08
5.86938	0.000337256	0.000337333	0.000337254	0.000337633	0.000335452	0.000319243	0.000281174	0.000228022	0.000173435	0.000126663	9.04278e-05	6.37922e-05	4.47177e-05	3.12284e-05	2.17449e-05	1.50954e-05	1.04384e-05	7.17854e-06	4.89695e-06	3.30013e-06	2.18254e-06	1.40033e-06	8.52846e-07	4.69633e-07	2.014e-07	9.09538e-08
6.1643	0.000337689	0.000337766	0.000337697	0.000338088	0.000335373	0.000317719	0.000278154	0.000224384	0.00017005	0.000123929	8.83776e-05	6.23112e-05	4.36679e-05	3.04914e-05	2.12305e-05	1.47379e-05	1.01912e-05	7.00846e-06	4.78092e-06	3.22194e-06	2.13083e-06	1.36716e-06	8.32641e-07	4.58507e-07	1.96629e-07	8.87991e-08
6.47187	0.000338133	0.000338205	0.000338152	0.000338541	0.00033523	0.000316097	0.000275081	0.000220764	0.000166726	0.000121262	8.63844e-05	6.08739e-05	4.26498e-05	2.97771e-05	2.0732e-05	1.43915e-05	9.95154e-06	6.84366e-06	4.6685e-06	3.14617e-06	2.08072e-06	1.33501e-06	8.13063e-07	4.47727e-07	1.92005e-07	8.67112e-08
6.79265	0.000338589	0.00033865	0.000338618	0.000338989	0.00033502	0.000314377	0.000271959	0.000217165	0.00016346	0.00011866	8.4446e-05	5.94784e-05	4.16622e-05	2.90843e-05	2.02486e-05	1.40557e-05	9.71924e-06	6.68388e-06	4.5595e-06	3.07272e-06	2.03215e-06	1.30384e-06	7.94082e-07	4.37275e-07	1.87523e-07	8.4687e-08
7.1272	0.000339056	0.000339102	0.000339095	0.000339432	0.000334738	0.00031256	0.000268792	0.00021359	0.000160254	0.000116121	8.25603e-05	5.8123e-05	4.07036e-05	2.84122e-05	1.97798e-05	1.37299e-05	9.49391e-06	6.52891e-06	4.45378e-06	3.00148e-06	1.98503e-06	1.27361e-06	7.75672e-07	4.27137e-07	1.83176e-07	8.27237e-08
7.47611	0.000339534	0.000339562	0.000339584	0.000339865	0.000334383	0.000310649	0.000265585	0.000210041	0.000157106	0.000113642	8.07253e-05	5.68059e-05	3.97729e-05	2.77597e-05	1.93247e-05	1.34138e-05	9.27524e-06	6.37852e-06	4.35119e-06	2.93234e-06	1.93931e-06	1.24428e-06	7.57806e-07	4.17299e-07	1.78957e-07	8.08184e-08
7.84	0.000340023	0.000340028	0.000340085	0.000340285	0.00033395	0.000308645	0.000262343	0.000206521	0.000154016	0.000111222	7.89391e-05	5.55257e-05	3.88688e-05	2.71262e-05	1.88829e-05	1.31069e-05	9.06295e-06	6.23251e-06	4.25159e-06	2.86522e-06	1.89492e-06	1.2158e-06	7.40462e-07	4.07748e-07	1.74861e-07	7.89687e-08
8.21951	0.000340523	0.000340503	0.000340597	0.00034069	0.000333436	0.000306551	0.00025907	0.00020303	0.000150983	0.00010886	7.72e-05	5.42809e-05	3.79902e-05	2.65107e-05	1.84537e-05	1.28088e-05	8.85676e-06	6.0907e-06	4.15485e-06	2.80003e-06	1.85181e-06	1.18814e-06	7.23616e-07	3.98472e-07	1.70883e-07	7.71722e-08
8.61531	0.000341033	0.000340986	0.000341122	0.000341075	0.000332839	0.000304368	0.00025577	0.000199572	0.000148007	0.000106554	7.55063e-05	5.307e-05	3.7136e-05	2.59125e-05	1.80366e-05	1.25191e-05	8.65641e-06	5.95292e-06	4.06086e-06	2.73669e-06	1.80992e-06	1.16126e-06	7.07248e-07	3.89459e-07	1.67018e-07	7.54266e-08
9.02811	0.000341553	0.000341478	0.000341657	0.000341438	0.000332157	0.0003021	0.000252447	0.000196148	0.000145087	0.000104302	7.38563e-05	5.18918e-05	3.63054e-05	2.5331e-05	1.76312e-05	1.22375e-05	8.46167e-06	5.81899e-06	3.9695e-06	2.67512e-06	1.7692e-06	1.13514e-06	6.91338e-07	3.80698e-07	1.63261e-07	7.37299e-08
9.45863	0.000342082	0.000341979	0.000342203	0.000341774	0.000331387	0.000299749	0.000249104	0.000192759	0.000142222	0.000102102	7.22486e-05	5.0745e-05	3.54975e-05	2.47654e-05	1.7237e-05	1.19638e-05	8.27232e-06	5.68876e-06	3.88067e-06	2.61525e-06	1.72961e-06	1.10974e-06	6.75868e-07	3.72179e-07	1.59608e-07	7.20801e-08
9.90763	0.00034262	0.000342491	0.00034276	0.00034208	0.000330529	0.000297319	0.000245747	0.000189406	0.000139411	9.99536e-05	7.06817e-05	4.96286e-05	3.47112e-05	2.42152e-05	1.68535e-05	1.16974e-05	8.08814e-06	5.5621e-06	3.79426e-06	2.55703e-06	1.6911e-06	1.08503e-06	6.60821e-07	3.63893e-07	1.56054e-07	7.04755e-08
10.3759	0.000343166	0.000343013	0.000343327	0.000342351	0.000329579	0.000294812	0.000242377	0.000186091	0.000136654	9.7855e-05	6.91543e-05	4.85414e-05	3.39459e-05	2.36797e-05	1.64804e-05	1.14383e-05	7.90894e-06	5.43886e-06	3.71019e-06	2.50037e-06	1.65363e-06	1.06099e-06	6.46181e-07	3.55831e-07	1.52597e-07	6.89141e-08
10.8643	0.000343719	0.000343548	0.000343902	0.000342583	0.000328538	0.000292232	0.000238998	0.000182814	0.00013395	9.58049e-05	6.76651e-05	4.74824e-05	3.32008e-05	2.31585e-05	1.61172e-05	1.11861e-05	7.73453e-06	5.31891e-06	3.62837e-06	2.44523e-06	1.61717e-06	1.0376e-06	6.31932e-07	3.47985e-07	1.49232e-07	6.73946e-08
11.3736	0.000344279	0.000344095	0.000344485	0.000342772	0.000327403	0.000289582	0.000235615	0.000179577	0.000131298	9.38019e-05	6.62129e-05	4.64506e-05	3.24752e-05	2.2651e-05	1.57636e-05	1.09406e-05	7.56473e-06	5.20214e-06	3.54872e-06	2.39155e-06	1.58167e-06	1.01482e-06	6.1806e-07	3.40346e-07	1.45956e-07	6.59152e-08
11.9048	0.000344845	0.000344655	0.000345075	0.000342915	0.000326176	0.000286866	0.000232229	0.00017638	0.000128698	9.18447e-05	6.47964e-05	4.5445e-05	3.17683e-05	2.21568e-05	1.54193e-05	1.07015e-05	7.39938e-06	5.08843e-06	3.47115e-06	2.33928e-06	1.5471e-06	9.92637e-07	6.04551e-07	3.32908e-07	1.42766e-07	6.44745e-08
12.4589	0.000345417	0.000345229	0.00034567	0.000343006	0.000324855	0.000284088	0.000228844	0.000173225	0.000126148	8.99322e-05	6.34145e-05	4.44649e-05	3.10795e-05	2.16752e-05	1.50838e-05	1.04686e-05	7.23831e-06	4.97766e-06	3.39559e-06	2.28836e-06	1.51342e-06	9.71032e-07	5.91393e-07	3.25662e-07	1.39659e-07	6.30713e-08
13.0367	0.000345994	0.000345818	0.000346269	0.000343042	0.00032344	0.000281251	0.000225464	0.00017011	0.000123648	8.8063e-05	6.20662e-05	4.35092e-05	3.04082e-05	2.1206e-05	1.4757e-05	1.02416e-05	7.08138e-06	4.86974e-06	3.32197e-06	2.23875e-06	1.48061e-06	9.49981e-07	5.78572e-07	3.18602e-07	1.36632e-07	6.1704e-08
13.6393	0.000346577	0.000346422	0.00034687	0.000343018	0.000321932	0.000278358	0.000222089	0.000167038	0.000121196	8.62361e-05	6.07503e-05	4.25773e-05	2.97538e-05	2.07487e-05	1.44384e-05	1.00205e-05	6.92845e-06	4.76457e-06	3.25022e-06	2.1904e-06	1.44864e-06	9.29466e-07	5.66078e-07	3.11722e-07	1.33681e-07	6.03716e-08
14.2678	0.000347166	0.000347043	0.00034747	0.000342931	0.00032033	0.000275415	0.000218724	0.000164007	0.000118792	8.44502e-05	5.9466e-05	4.16683e-05	2.91158e-05	2.03028e-05	1.41279e-05	9.80489e-06	6.77936e-06	4.66205e-06	3.18029e-06	2.14327e-06	1.41747e-06	9.09468e-07	5.53899e-07	3.05015e-07	1.30805e-07	5.90727e-08
14.9232	0.000347762	0.00034768	0.000348068	0.000342777	0.000318637	0.000272424	0.00021537	0.000161019	0.000116436	8.27043e-05	5.82121e-05	4.07816e-05	2.84934e-05	1.9868e-05	1.38251e-05	9.59467e-06	6.634e-06	4.56208e-06	3.1121e-06	2.09731e-06	1.38708e-06	8.89969e-07	5.42023e-07	2.98476e-07	1.28001e-07	5.78062e-08
15.6068	0.000348364	0.000348334	0.000348661	0.000342552	0.000316851	0.000269389	0.00021203	0.000158074	0.000114126	8.09973e-05	5.69878e-05	3.99162e-05	2.78864e-05	1.9444e-05	1.35297e-05	9.38966e-06	6.49223e-06	4.46459e-06	3.04559e-06	2.05249e-06	1.35744e-06	8.70952e-07	5.30442e-07	2.92098e-07	1.25266e-07	5.65711e-08
16.3198	0.000348975	0.000349006	0.000349246	0.000342253	0.000314975	0.000266314	0.000208707	0.000155172	0.000111861	7.93282e-05	5.57922e-05	3.90717e-05	2.72941e-05	1.90302e-05	1.32417e-05	9.18967e-06	6.35394e-06	4.36949e-06	2.98072e-06	2.00878e-06	1.32852e-06	8.52402e-07	5.19144e-07	2.85877e-07	1.22598e-07	5.53662e-08
17.0633	0.000349594	0.000349695	0.00034982	0.000341876	0.00031301	0.000263203	0.000205402	0.000152313	0.00010964	7.76959e-05	5.46244e-05	3.82473e-05	2.6716e-05	1.86266e-05	1.29606e-05	8.99454e-06	6.21902e-06	4.2767e-06	2.91743e-06	1.96612e-06	1.30031e-06	8.34303e-07	5.08121e-07	2.79807e-07	1.19995e-07	5.41907e-08
17.8388	0.000350225	0.000350402	0.00035038	0.000341419	0.000310958	0.000260059	0.000202117	0.000149497	0.000107464	7.60996e-05	5.34836e-05	3.74424e-05	2.61518e-05	1.82326e-05	1.26862e-05	8.80411e-06	6.08734e-06	4.18615e-06	2.85566e-06	1.9245e-06	1.27279e-06	8.1664e-07	4.97364e-07	2.73884e-07	1.17454e-07	5.30435e-08
18.6476	0.000350867	0.000351127	0.000350922	0.000340878	0.00030882	0.000256886	0.000198855	0.000146724	0.00010533	7.45382e-05	5.2369e-05	3.66564e-05	2.5601e-05	1.7848e-05	1.24185e-05	8.61825e-06	5.95882e-06	4.09777e-06	2.79537e-06	1.88387e-06	1.24592e-06	7.994e-07	4.86865e-07	2.68102e-07	1.14975e-07	5.19238e-08
19.4911	0.000351524	0.000351869	0.000351443	0.000340251	0.000306598	0.000253687	0.000195616	0.000143994	0.000103239	7.3011e-05	5.12799e-05	3.58888e-05	2.50632e-05	1.74725e-05	1.21571e-05	8.43679e-06	5.83335e-06	4.01149e-06	2.73651e-06	1.8442e-06	1.21968e-06	7.8257e-07	4.76615e-07	2.62458e-07	1.12554e-07	5.08306e-08
20.3708	0.000352198	0.000352629	0.000351938	0.000339535	0.000304294	0.000250466	0.000192403	0.000141308	0.000101188	7.1517e-05	5.02156e-05	3.5139e-05	2.4538e-05	1.71059e-05	1.19018e-05	8.25962e-06	5.71085e-06	3.92724e-06	2.67904e-06	1.80547e-06	1.19407e-06	7.66137e-07	4.66606e-07	2.56947e-07	1.10191e-07	4.97633e-08
21.2882	0.00035289	0.000353405	0.000352405	0.00033873	0.000301912	0.000247225	0.000189217	0.000138663	9.91787e-05	7.00555e-05	4.91754e-05	3.44064e-05	2.4025e-05	1.67478e-05	1.16526e-05	8.08659e-06	5.59121e-06	3.84497e-06	2.62292e-06	1.76765e-06	1.16906e-06	7.50089e-07	4.56833e-07	2.51565e-07	1.07883e-07	4.87209e-08
22.2451	0.000353604	0.000354196	0.000352837	0.000337833	0.000299452	0.000243969	0.000186059	0.000136062	9.7209e-05	6.86256e-05	4.81587e-05	3.36907e-05	2.35238e-05	1.6398e-05	1.14091e-05	7.9176e-06	5.47436e-06	3.76462e-06	2.56811e-06	1.73071e-06	1.14463e-06	7.34414e-07	4.47287e-07	2.46308e-07	1.05629e-07	4.77029e-08
23.243	0.000354341	0.000355003	0.000353232	0.000336842	0.000296919	0.000240699	0.000182931	0.000133503	9.52783e-05	6.72265e-05	4.71647e-05	3.29914e-05	2.30342e-05	1.60563e-05	1.11712e-05	7.75252e-06	5.36021e-06	3.68612e-06	2.51456e-06	1.69463e-06	1.12076e-06	7.19103e-07	4.37961e-07	2.41173e-07	1.03426e-07	4.67084e-08
24.2838	0.000355105	0.000355823	0.000353584	0.000335756	0.000294314	0.000237419	0.000179833	0.000130986	9.3386e-05	6.58576e-05	4.61929e-05	3.23079e-05	2.25558e-05	1.57225e-05	1.09389e-05	7.59123e-06	5.2487e-06	3.60944e-06	2.46225e-06	1.65938e-06	1.09745e-06	7.04144e-07	4.28851e-07	2.36156e-07	1.01275e-07	4.57367e-08
25.3693	0.000355897	0.000356655	0.000353889	0.000334575	0.000291641	0.000234132	0.000176767	0.000128511	9.15312e-05	6.4518e-05	4.52427e-05	3.16398e-05	2.20883e-05	1.53963e-05	1.07118e-05	7.43364e-06	5.13973e-06	3.5345e-06	2.41113e-06	1.62493e-06	1.07467e-06	6.89527e-07	4.19949e-07	2.31254e-07	9.91727e-08	4.47874e-08
26.5014	0.00035672	0.000357497	0.000354141	0.000333298	0.000288903	0.00023084	0.000173733	0.000126078	8.97133e-05	6.32071e-05	4.43135e-05	3.09868e-05	2.16314e-05	1.50775e-05	1.04899e-05	7.27963e-06	5.03324e-06	3.46128e-06	2.36118e-06	1.59127e-06	1.0524e-06	6.75243e-07	4.11249e-07	2.26463e-07	9.71183e-08	4.38596e-08
27.682	0.000357576	0.000358347	0.000354336	0.000331925	0.000286103	0.000227547	0.000170732	0.000123685	8.79315e-05	6.19242e-05	4.34048e-05	3.03483e-05	2.11847e-05	1.47659e-05	1.0273e-05	7.1291e-06	4.92916e-06	3.3897e-06	2.31236e-06	1.55836e-06	1.03065e-06	6.61282e-07	4.02746e-07	2.21781e-07	9.51104e-08	4.29528e-08
28.9134	0.000358467	0.000359204	0.00035447	0.000330455	0.000283245	0.000224254	0.000167765	0.000121333	8.6185e-05	6.06684e-05	4.25159e-05	2.9724e-05	2.07481e-05	1.44612e-05	1.0061e-05	6.98196e-06	4.82742e-06	3.31974e-06	2.26463e-06	1.5262e-06	1.00937e-06	6.47634e-07	3.94435e-07	2.17204e-07	9.31475e-08	4.20663e-08
30.1976	0.000359394	0.000360064	0.000354537	0.000328888	0.000280331	0.000220963	0.000164832	0.000119021	8.4473e-05	5.94392e-05	4.16464e-05	2.91135e-05	2.03211e-05	1.41634e-05	9.85374e-06	6.8381e-06	4.72795e-06	3.25134e-06	2.21797e-06	1.49476e-06	9.88578e-07	6.34291e-07	3.86308e-07	2.12729e-07	9.12285e-08	4.11997e-08
31.5369	0.000360359	0.000360925	0.000354533	0.000327225	0.000277366	0.000217678	0.000161934	0.000116749	8.27949e-05	5.82358e-05	4.07958e-05	2.85164e-05	1.99035e-05	1.38721e-05	9.65104e-06	6.69742e-06	4.63069e-06	3.18445e-06	2.17234e-06	1.46401e-06	9.68243e-07	6.21244e-07	3.78362e-07	2.08353e-07	8.9352e-08	4.03522e-08
32.9338	0.000361361	0.000361783	0.000354453	0.000325466	0.000274353	0.000214401	0.000159071	0.000114516	8.11499e-05	5.70577e-05	3.99634e-05	2.79323e-05	1.94952e-05	1.35873e-05	9.45282e-06	6.55985e-06	4.53557e-06	3.11904e-06	2.12772e-06	1.43394e-06	9.48356e-07	6.08484e-07	3.70591e-07	2.04074e-07	8.75168e-08	3.95235e-08
34.3906	0.0003624	0.000362634	0.000354292	0.000323612	0.000271294	0.000211133	0.000156243	0.000112321	7.95372e-05	5.59041e-05	3.91489e-05	2.73609e-05	1.90957e-05	1.33087e-05	9.25892e-06	6.42528e-06	4.44253e-06	3.05506e-06	2.08408e-06	1.40452e-06	9.28903e-07	5.96003e-07	3.6299e-07	1.99888e-07	8.57218e-08	3.87128e-08
35.9099	0.000363476	0.000363476	0.000354047	0.000321664	0.000268195	0.000207877	0.000153451	0.000110164	7.79561e-05	5.47743e-05	3.83516e-05	2.68017e-05	1.87048e-05	1.30361e-05	9.06923e-06	6.29364e-06	4.3515e-06	2.99246e-06	2.04138e-06	1.37575e-06	9.09873e-07	5.83793e-07	3.55554e-07	1.95794e-07	8.39657e-08	3.79198e-08
37.4945	0.000364587	0.000364304	0.000353712	0.000319623	0.000265057	0.000204635	0.000150695	0.000108045	7.64058e-05	5.36679e-05	3.75713e-05	2.62545e-05	1.83223e-05	1.27694e-05	8.88363e-06	6.16483e-06	4.26245e-06	2.93122e-06	1.9996e-06	1.34759e-06	8.91253e-07	5.71846e-07	3.48278e-07	1.91787e-07	8.22475e-08	3.71438e-08
39.1471	0.00036573	0.000365113	0.000353284	0.00031749	0.000261885	0.000201409	0.000147975	0.000105962	7.48858e-05	5.25842e-05	3.68072e-05	2.57189e-05	1.7948e-05	1.25083e-05	8.702e-06	6.03878e-06	4.17529e-06	2.87129e-06	1.95872e-06	1.32004e-06	8.73032e-07	5.60155e-07	3.41157e-07	1.87866e-07	8.0566e-08	3.63844e-08
40.8707	0.000366902	0.000365899	0.000352759	0.000315266	0.000258682	0.0001982	0.000145292	0.000103916	7.33954e-05	5.15226e-05	3.60592e-05	2.51946e-05	1.75817e-05	1.22529e-05	8.52423e-06	5.91541e-06	4.08999e-06	2.81263e-06	1.91871e-06	1.29308e-06	8.55198e-07	5.48713e-07	3.34188e-07	1.84028e-07	7.89203e-08	3.56412e-08
42.6683	0.0003681	0.000366655	0.000352135	0.000312954	0.000255451	0.00019501	0.000142645	0.000101905	7.19338e-05	5.04825e-05	3.53266e-05	2.46813e-05	1.7223e-05	1.20028e-05	8.35021e-06	5.79464e-06	4.00649e-06	2.75521e-06	1.87954e-06	1.26668e-06	8.3774e-07	5.37512e-07	3.27367e-07	1.80272e-07	7.73094e-08	3.49137e-08
44.543	0.000369317	0.000367378	0.000351406	0.000310554	0.000252194	0.00019184	0.000140034	9.99295e-05	7.05005e-05	4.94635e-05	3.46092e-05	2.41787e-05	1.68718e-05	1.17579e-05	8.17984e-06	5.67641e-06	3.92475e-06	2.699e-06	1.84119e-06	1.24084e-06	8.20649e-07	5.26546e-07	3.20688e-07	1.76594e-07	7.57322e-08	3.42014e-08
46.4982	0.000370548	0.00036806	0.000350572	0.000308068	0.000248916	0.000188692	0.00013746	9.79888e-05	6.90949e-05	4.8465e-05	3.39066e-05	2.36865e-05	1.6528e-05	1.15182e-05	8.01303e-06	5.56065e-06	3.84471e-06	2.64396e-06	1.80364e-06	1.21554e-06	8.03915e-07	5.15809e-07	3.14149e-07	1.72993e-07	7.4188e-08	3.3504e-08
48.5373	0.000371786	0.000368696	0.000349629	0.000305499	0.000245619	0.000185568	0.000134922	9.60821e-05	6.77163e-05	4.74865e-05	3.32182e-05	2.32045e-05	1.61913e-05	1.12834e-05	7.84969e-06	5.44729e-06	3.76633e-06	2.59006e-06	1.76688e-06	1.19076e-06	7.87528e-07	5.05295e-07	3.07746e-07	1.69467e-07	7.26758e-08	3.28211e-08
50.664	0.000373022	0.000369277	0.000348574	0.000302849	0.000242304	0.000182469	0.000132421	9.42091e-05	6.63642e-05	4.65276e-05	3.25439e-05	2.27323e-05	1.58615e-05	1.10535e-05	7.68971e-06	5.33627e-06	3.68957e-06	2.53728e-06	1.73087e-06	1.16649e-06	7.7148e-07	4.94999e-07	3.01475e-07	1.66014e-07	7.11949e-08	3.21523e-08
52.882	0.000374247	0.000369799	0.000347407	0.000300119	0.000238976	0.000179394	0.000129956	9.23692e-05	6.50381e-05	4.55878e-05	3.18833e-05	2.22698e-05	1.55385e-05	1.08283e-05	7.53302e-06	5.22753e-06	3.61439e-06	2.48558e-06	1.6956e-06	1.14272e-06	7.55761e-07	4.84913e-07	2.95332e-07	1.62632e-07	6.97443e-08	3.14972e-08
55.1953	0.000375452	0.000370253	0.000346125	0.000297313	0.000235637	0.000176346	0.000127527	9.05617e-05	6.37373e-05	4.46666e-05	3.1236e-05	2.18167e-05	1.5222e-05	1.06077e-05	7.37953e-06	5.12102e-06	3.54075e-06	2.43493e-06	1.66106e-06	1.11944e-06	7.40364e-07	4.75034e-07	2.89315e-07	1.59318e-07	6.83234e-08	3.08556e-08
57.6078	0.000376625	0.000370631	0.000344728	0.000294432	0.000232288	0.000173325	0.000125134	8.87861e-05	6.24613e-05	4.37636e-05	3.06016e-05	2.13727e-05	1.4912e-05	1.03916e-05	7.22916e-06	5.01666e-06	3.4686e-06	2.38532e-06	1.62721e-06	1.09663e-06	7.25279e-07	4.65355e-07	2.83421e-07	1.56072e-07	6.69314e-08	3.02269e-08
60.1239	0.000377755	0.000370926	0.000343214	0.00029148	0.000228932	0.000170332	0.000122777	8.70419e-05	6.12096e-05	4.28784e-05	2.998e-05	2.09377e-05	1.46082e-05	1.01798e-05	7.08182e-06	4.91442e-06	3.39791e-06	2.3367e-06	1.59405e-06	1.07429e-06	7.10499e-07	4.55872e-07	2.77645e-07	1.52892e-07	6.55675e-08	2.96109e-08
62.748	0.000378829	0.00037113	0.000341582	0.000288459	0.000225572	0.000167367	0.000120454	8.53283e-05	5.99815e-05	4.20104e-05	2.93706e-05	2.05113e-05	1.43105e-05	9.97229e-06	6.93744e-06	4.81422e-06	3.32863e-06	2.28907e-06	1.56155e-06	1.05238e-06	6.96015e-07	4.46579e-07	2.71985e-07	1.49775e-07	6.42309e-08	2.90073e-08
65.4848	0.000379835	0.000371234	0.000339833	0.000285372	0.000222208	0.000164431	0.000118167	8.36448e-05	5.87765e-05	4.11592e-05	2.87732e-05	2.00934e-05	1.40187e-05	9.76888e-06	6.79593e-06	4.71602e-06	3.26073e-06	2.24237e-06	1.5297e-06	1.03092e-06	6.81818e-07	4.3747e-07	2.66438e-07	1.4672e-07	6.29208e-08	2.84157e-08
68.339	0.000380757	0.000371229	0.000337966	0.000282222	0.000218843	0.000161523	0.000115913	8.19906e-05	5.75939e-05	4.03244e-05	2.81874e-05	1.96837e-05	1.37326e-05	9.56949e-06	6.65721e-06	4.61975e-06	3.19417e-06	2.1966e-06	1.49848e-06	1.00988e-06	6.67902e-07	4.28542e-07	2.61e-07	1.43726e-07	6.16367e-08	2.78357e-08
71.3158	0.000381582	0.000371106	0.000335981	0.000279012	0.000215479	0.000158645	0.000113693	8.03651e-05	5.64332e-05	3.95055e-05	2.7613e-05	1.92819e-05	1.34521e-05	9.37399e-06	6.52119e-06	4.52537e-06	3.12891e-06	2.15173e-06	1.46786e-06	9.89247e-07	6.54258e-07	4.19787e-07	2.55668e-07	1.4079e-07	6.03775e-08	2.72671e-08
74.4204	0.000382295	0.000370857	0.000333877	0.000275745	0.000212117	0.000155795	0.000111506	7.87675e-05	5.52938e-05	3.87021e-05	2.70495e-05	1.88879e-05	1.31771e-05	9.18225e-06	6.3878e-06	4.4328e-06	3.06491e-06	2.10771e-06	1.43784e-06	9.69013e-07	6.40876e-07	4.11201e-07	2.50439e-07	1.3791e-07	5.91426e-08	2.67094e-08
77.6583	0.000382881	0.000370472	0.000331657	0.000272425	0.000208758	0.000152975	0.000109351	7.71972e-05	5.4175e-05	3.79135e-05	2.64967e-05	1.85013e-05	1.29072e-05	8.99417e-06	6.25694e-06	4.34199e-06	3.00213e-06	2.06454e-06	1.40839e-06	9.49165e-07	6.27749e-07	4.02779e-07	2.45309e-07	1.35086e-07	5.79313e-08	2.61624e-08
81.0352	0.000383325	0.000369943	0.000329319	0.000269053	0.000205406	0.000150184	0.000107228	7.56532e-05	5.30762e-05	3.71395e-05	2.59541e-05	1.81219e-05	1.26424e-05	8.80961e-06	6.12855e-06	4.25289e-06	2.94053e-06	2.02218e-06	1.37949e-06	9.2969e-07	6.14869e-07	3.94515e-07	2.40276e-07	1.32314e-07	5.67427e-08	2.56256e-08
84.5571	0.000383611	0.00036926	0.000326864	0.000265634	0.00020206	0.000147421	0.000105136	7.4135e-05	5.19967e-05	3.63795e-05	2.54215e-05	1.77496e-05	1.23825e-05	8.62847e-06	6.00253e-06	4.16544e-06	2.88006e-06	1.9806e-06	1.35113e-06	9.10574e-07	6.02227e-07	3.86403e-07	2.35336e-07	1.29593e-07	5.5576e-08	2.50987e-08
88.2301	0.000383725	0.000368415	0.000324294	0.00026217	0.000198722	0.000144688	0.000103075	7.26417e-05	5.09361e-05	3.5633e-05	2.48985e-05	1.7384e-05	1.21273e-05	8.45062e-06	5.8788e-06	4.07958e-06	2.8207e-06	1.93978e-06	1.32328e-06	8.91807e-07	5.89815e-07	3.7844e-07	2.30486e-07	1.26923e-07	5.44307e-08	2.45815e-08
92.0609	0.000383651	0.000367399	0.000321607	0.000258665	0.000195393	0.000141983	0.000101042	7.11727e-05	4.98936e-05	3.48997e-05	2.43847e-05	1.70249e-05	1.18767e-05	8.27596e-06	5.75729e-06	3.99526e-06	2.7624e-06	1.89969e-06	1.29593e-06	8.73377e-07	5.77626e-07	3.70619e-07	2.25723e-07	1.243e-07	5.33058e-08	2.40735e-08
96.0561	0.000383374	0.000366203	0.000318805	0.00025512	0.000192076	0.000139307	9.90391e-05	6.97271e-05	4.88687e-05	3.4179e-05	2.388e-05	1.66721e-05	1.16305e-05	8.10438e-06	5.63792e-06	3.91243e-06	2.70513e-06	1.8603e-06	1.26906e-06	8.5527e-07	5.65651e-07	3.62935e-07	2.21043e-07	1.21723e-07	5.22007e-08	2.35744e-08
100.223	0.000382881	0.000364819	0.000315889	0.000251539	0.00018877	0.000136658	9.70638e-05	6.83044e-05	4.78607e-05	3.34705e-05	2.33839e-05	1.63254e-05	1.13886e-05	7.93576e-06	5.52062e-06	3.83103e-06	2.64885e-06	1.8216e-06	1.24266e-06	8.37477e-07	5.53883e-07	3.55385e-07	2.16445e-07	1.19191e-07	5.11148e-08	2.3084e-08
104.568	0.000382158	0.000363239	0.000312858	0.000247925	0.000185476	0.000134038	9.51161e-05	6.69037e-05	4.68693e-05	3.27739e-05	2.28962e-05	1.59846e-05	1.11507e-05	7.77001e-06	5.40531e-06	3.75101e-06	2.59352e-06	1.78355e-06	1.21671e-06	8.19987e-07	5.42316e-07	3.47963e-07	2.11925e-07	1.16701e-07	5.00473e-08	2.26019e-08
109.101	0.000381192	0.000361456	0.000309713	0.000244278	0.000182196	0.000131445	9.31952e-05	6.55246e-05	4.58938e-05	3.20887e-05	2.24165e-05	1.56495e-05	1.09169e-05	7.60703e-06	5.29193e-06	3.67233e-06	2.53912e-06	1.74614e-06	1.19119e-06	8.02789e-07	5.30942e-07	3.40665e-07	2.0748e-07	1.14254e-07	4.89977e-08	2.21279e-08
113.827	0.000379971	0.000359462	0.000306454	0.000240603	0.000178931	0.00012888	9.13004e-05	6.41662e-05	4.49337e-05	3.14146e-05	2.19447e-05	1.53198e-05	1.06868e-05	7.44673e-06	5.18041e-06	3.59494e-06	2.48562e-06	1.70935e-06	1.16609e-06	7.85873e-07	5.19754e-07	3.33487e-07	2.03108e-07	1.11847e-07	4.79653e-08	2.16616e-08
118.757	0.000378483	0.000357251	0.000303081	0.000236899	0.00017568	0.000126342	8.9431e-05	6.28281e-05	4.39885e-05	3.07512e-05	2.14805e-05	1.49955e-05	1.04605e-05	7.28901e-06	5.07069e-06	3.5188e-06	2.43298e-06	1.67315e-06	1.14139e-06	7.6923e-07	5.08747e-07	3.26425e-07	1.98807e-07	1.09478e-07	4.69495e-08	2.12029e-08
123.898	0.00037672	0.000354817	0.000299594	0.000233168	0.000172445	0.00012383	8.75865e-05	6.15095e-05	4.30578e-05	3.00981e-05	2.10235e-05	1.46763e-05	1.02378e-05	7.13378e-06	4.9627e-06	3.44387e-06	2.38117e-06	1.63752e-06	1.11709e-06	7.52851e-07	4.97914e-07	3.19474e-07	1.94574e-07	1.07147e-07	4.59498e-08	2.07514e-08
129.26	0.000374672	0.000352154	0.000295993	0.000229412	0.000169224	0.000121344	8.5766e-05	6.02098e-05	4.2141e-05	2.9455e-05	2.05736e-05	1.4362e-05	1.00185e-05	6.98096e-06	4.85639e-06	3.3701e-06	2.33016e-06	1.60244e-06	1.09316e-06	7.36725e-07	4.87249e-07	3.12631e-07	1.90406e-07	1.04852e-07	4.49656e-08	2.0307e-08
134.853	0.000372332	0.000349259	0.000292278	0.000225632	0.000166019	0.000118883	8.39689e-05	5.89284e-05	4.12376e-05	2.88215e-05	2.01305e-05	1.40524e-05	9.80249e-06	6.83046e-06	4.75169e-06	3.29744e-06	2.27992e-06	1.5679e-06	1.0696e-06	7.20843e-07	4.76746e-07	3.05892e-07	1.86302e-07	1.02592e-07	4.39964e-08	1.98692e-08
140.685	0.000369692	0.000346126	0.000288449	0.000221827	0.000162829	0.000116447	8.21942e-05	5.76646e-05	4.03472e-05	2.81972e-05	1.96938e-05	1.37475e-05	9.5897e-06	6.68218e-06	4.64854e-06	3.22586e-06	2.23043e-06	1.53386e-06	1.04638e-06	7.05197e-07	4.66398e-07	2.99253e-07	1.82258e-07	1.00365e-07	4.30414e-08	1.9438e-08
146.767	0.000366748	0.000342754	0.000284506	0.000217998	0.000159654	0.000114035	8.04411e-05	5.64177e-05	3.94692e-05	2.75818e-05	1.92635e-05	1.34469e-05	9.37998e-06	6.53603e-06	4.54687e-06	3.15531e-06	2.18165e-06	1.50032e-06	1.0235e-06	6.89775e-07	4.56198e-07	2.92709e-07	1.78272e-07	9.81701e-08	4.21002e-08	1.90129e-08
153.111	0.000363497	0.00033914	0.000280447	0.000214146	0.000156492	0.000111645	7.87086e-05	5.51869e-05	3.86029e-05	2.69748e-05	1.8839e-05	1.31504e-05	9.17317e-06	6.39192e-06	4.44662e-06	3.08574e-06	2.13355e-06	1.46724e-06	1.00093e-06	6.74568e-07	4.46141e-07	2.86255e-07	1.74342e-07	9.60058e-08	4.1172e-08	1.85937e-08
159.727	0.000359936	0.000335283	0.000276274	0.000210268	0.000153342	0.000109276	7.69957e-05	5.39714e-05	3.77479e-05	2.63758e-05	1.84202e-05	1.2858e-05	8.96912e-06	6.24973e-06	4.3477e-06	3.0171e-06	2.0861e-06	1.43461e-06	9.78668e-07	6.59564e-07	4.36218e-07	2.79889e-07	1.70464e-07	9.38705e-08	4.02563e-08	1.81802e-08
166.628	0.000356064	0.000331182	0.000271985	0.000206365	0.000150204	0.000106927	7.53012e-05	5.27702e-05	3.69034e-05	2.57843e-05	1.80067e-05	1.25692e-05	8.76767e-06	6.10936e-06	4.25005e-06	2.94934e-06	2.03924e-06	1.40239e-06	9.56688e-07	6.44751e-07	4.26421e-07	2.73603e-07	1.66636e-07	9.17624e-08	3.93522e-08	1.77719e-08
173.824	0.000351883	0.000326838	0.000267581	0.000202436	0.000147076	0.000104597	7.36237e-05	5.15824e-05	3.60688e-05	2.51999e-05	1.75982e-05	1.22839e-05	8.56865e-06	5.97068e-06	4.15358e-06	2.88239e-06	1.99296e-06	1.37055e-06	9.34974e-07	6.30117e-07	4.16743e-07	2.67393e-07	1.62854e-07	8.96797e-08	3.84591e-08	1.73685e-08
181.33	0.000347393	0.000322253	0.000263062	0.000198479	0.000143955	0.000102283	7.19618e-05	5.04069e-05	3.52432e-05	2.4622e-05	1.71942e-05	1.20019e-05	8.37188e-06	5.83356e-06	4.05819e-06	2.8162e-06	1.94719e-06	1.33908e-06	9.13505e-07	6.15648e-07	4.07173e-07	2.61253e-07	1.59115e-07	8.76205e-08	3.7576e-08	1.69697e-08
189.157	0.000342599	0.000317428	0.000258428	0.000194493	0.00014084	9.99842e-05	7.03141e-05	4.92426e-05	3.44258e-05	2.40499e-05	1.67945e-05	1.17227e-05	8.17715e-06	5.69787e-06	3.9638e-06	2.7507e-06	1.9019e-06	1.30794e-06	8.92259e-07	6.0133e-07	3.97704e-07	2.55177e-07	1.55414e-07	8.55827e-08	3.67021e-08	1.65751e-08
197.321	0.000337506	0.000312368	0.00025368	0.000190476	0.000137729	9.76978e-05	6.86789e-05	4.80883e-05	3.36159e-05	2.34832e-05	1.63984e-05	1.14462e-05	7.98426e-06	5.56346e-06	3.8703e-06	2.68581e-06	1.85704e-06	1.27709e-06	8.71214e-07	5.87147e-07	3.88324e-07	2.49159e-07	1.51749e-07	8.35642e-08	3.58365e-08	1.61841e-08
205.835	0.000332119	0.000307077	0.000248819	0.000186427	0.000134619	9.5422e-05	6.70546e-05	4.69428e-05	3.28125e-05	2.29211e-05	1.60057e-05	1.11721e-05	7.79299e-06	5.43019e-06	3.77759e-06	2.62148e-06	1.81256e-06	1.2465e-06	8.50346e-07	5.73083e-07	3.79022e-07	2.43191e-07	1.48114e-07	8.15627e-08	3.49781e-08	1.57965e-08
214.715	0.000326447	0.000301559	0.000243844	0.000182344	0.000131508	9.31545e-05	6.54393e-05	4.58047e-05	3.20147e-05	2.23631e-05	1.56158e-05	1.08999e-05	7.60312e-06	5.29788e-06	3.68555e-06	2.55761e-06	1.7684e-06	1.21613e-06	8.2963e-07	5.59123e-07	3.69789e-07	2.37267e-07	1.44506e-07	7.95758e-08	3.4126e-08	1.54117e-08
223.975	0.000320497	0.000295822	0.000238759	0.000178226	0.000128393	9.0893e-05	6.38314e-05	4.46728e-05	3.12215e-05	2.18084e-05	1.52283e-05	1.06294e-05	7.41442e-06	5.1664e-06	3.59409e-06	2.49414e-06	1.72452e-06	1.18595e-06	8.09043e-07	5.45248e-07	3.60613e-07	2.31379e-07	1.4092e-07	7.76011e-08	3.32792e-08	1.50293e-08
233.634	0.00031428	0.000289871	0.000233565	0.000174071	0.000125273	8.86353e-05	6.22289e-05	4.35458e-05	3.04321e-05	2.12565e-05	1.48428e-05	1.03602e-05	7.22666e-06	5.03557e-06	3.50308e-06	2.43098e-06	1.68085e-06	1.15592e-06	7.88558e-07	5.31443e-07	3.51482e-07	2.2552e-07	1.37352e-07	7.56364e-08	3.24366e-08	1.46487e-08
243.707	0.000307807	0.000283716	0.000228263	0.000169877	0.000122144	8.63793e-05	6.06304e-05	4.24223e-05	2.96454e-05	2.07066e-05	1.44587e-05	1.00921e-05	7.03963e-06	4.90525e-06	3.41242e-06	2.36808e-06	1.63736e-06	1.12601e-06	7.68153e-07	5.17691e-07	3.42388e-07	2.19685e-07	1.33798e-07	7.36792e-08	3.15973e-08	1.42697e-08
254.213	0.000301089	0.000277364	0.000222857	0.000165644	0.000119005	8.41226e-05	5.90337e-05	4.1301e-05	2.88606e-05	2.0158e-05	1.40755e-05	9.82461e-06	6.85307e-06	4.77526e-06	3.322e-06	2.30533e-06	1.59397e-06	1.09618e-06	7.47799e-07	5.03974e-07	3.33315e-07	2.13864e-07	1.30253e-07	7.1727e-08	3.07601e-08	1.38916e-08
265.169	0.00029414	0.000270825	0.000217351	0.000161372	0.000115853	8.18634e-05	5.74375e-05	4.01808e-05	2.80767e-05	1.96102e-05	1.36929e-05	9.55757e-06	6.66681e-06	4.64548e-06	3.23171e-06	2.24267e-06	1.55065e-06	1.06639e-06	7.27478e-07	4.90278e-07	3.24258e-07	2.08052e-07	1.26713e-07	6.97779e-08	2.99242e-08	1.35141e-08
276.596	0.000286972	0.00026411	0.000211747	0.000157059	0.000112687	7.95999e-05	5.58403e-05	3.90606e-05	2.72931e-05	1.90626e-05	1.33106e-05	9.29067e-06	6.48064e-06	4.51576e-06	3.14147e-06	2.18005e-06	1.50736e-06	1.03661e-06	7.07167e-07	4.7659e-07	3.15205e-07	2.02244e-07	1.23176e-07	6.78297e-08	2.90888e-08	1.31368e-08
288.513	0.000279601	0.000257229	0.00020605	0.000152706	0.000109506	7.73306e-05	5.4241e-05	3.79395e-05	2.65091e-05	1.85149e-05	1.2928e-05	9.02368e-06	6.29441e-06	4.386e-06	3.05121e-06	2.11741e-06	1.46404e-06	1.00683e-06	6.86848e-07	4.62897e-07	3.06148e-07	1.96433e-07	1.19637e-07	6.58809e-08	2.8253e-08	1.27594e-08
300.943	0.000272041	0.000250193	0.000200265	0.000148313	0.000106307	7.50541e-05	5.26382e-05	3.68166e-05	2.57239e-05	1.79664e-05	1.2545e-05	8.75635e-06	6.10795e-06	4.25608e-06	2.96083e-06	2.0547e-06	1.42068e-06	9.77009e-07	6.66506e-07	4.49187e-07	2.97081e-07	1.90615e-07	1.16093e-07	6.39297e-08	2.74162e-08	1.23815e-08
313.905	0.000264308	0.000243015	0.000194398	0.000143882	0.000103092	7.27697e-05	5.10313e-05	3.56912e-05	2.49372e-05	1.74168e-05	1.21613e-05	8.48855e-06	5.92115e-06	4.12592e-06	2.87029e-06	1.99187e-06	1.37724e-06	9.47134e-07	6.46126e-07	4.35453e-07	2.87997e-07	1.84787e-07	1.12544e-07	6.1975e-08	2.6578e-08	1.20029e-08
327.425	0.000256418	0.000235708	0.000188455	0.000139414	9.986e-05	7.04768e-05	4.94196e-05	3.45629e-05	2.41487e-05	1.68661e-05	1.17768e-05	8.22014e-06	5.73394e-06	3.99548e-06	2.77954e-06	1.9289e-06	1.3337e-06	9.17193e-07	6.257e-07	4.21687e-07	2.78893e-07	1.78946e-07	1.08986e-07	6.00159e-08	2.57378e-08	1.16235e-08
341.524	0.000248388	0.000228285	0.000182443	0.000134912	9.66112e-05	6.81752e-05	4.7803e-05	3.34316e-05	2.33581e-05	1.63139e-05	1.13912e-05	7.95106e-06	5.54626e-06	3.86471e-06	2.68857e-06	1.86577e-06	1.29005e-06	8.87177e-07	6.05224e-07	4.07887e-07	2.69766e-07	1.7309e-07	1.05419e-07	5.80519e-08	2.48955e-08	1.12431e-08
356.229	0.000240234	0.000220759	0.00017637	0.000130379	9.3347e-05	6.58653e-05	4.61814e-05	3.22971e-05	2.25654e-05	1.57603e-05	1.10047e-05	7.68128e-06	5.35809e-06	3.73359e-06	2.59737e-06	1.80248e-06	1.24629e-06	8.57082e-07	5.84694e-07	3.94051e-07	2.60616e-07	1.67218e-07	1.01843e-07	5.60827e-08	2.40511e-08	1.08617e-08
371.565	0.000231975	0.000213146	0.000170243	0.000125819	9.00689e-05	6.35479e-05	4.45553e-05	3.11596e-05	2.17707e-05	1.52053e-05	1.06172e-05	7.41085e-06	5.16946e-06	3.60216e-06	2.50594e-06	1.73903e-06	1.20242e-06	8.26915e-07	5.64114e-07	3.80182e-07	2.51443e-07	1.61333e-07	9.82589e-08	5.41088e-08	2.32045e-08	1.04794e-08
387.56	0.000223628	0.000205459	0.000164072	0.000121237	8.67794e-05	6.12241e-05	4.29254e-05	3.00198e-05	2.09743e-05	1.46492e-05	1.0229e-05	7.13988e-06	4.98045e-06	3.47047e-06	2.41433e-06	1.67546e-06	1.15847e-06	7.96686e-07	5.43492e-07	3.66284e-07	2.42251e-07	1.55435e-07	9.4667e-08	5.21308e-08	2.23563e-08	1.00963e-08
404.241	0.000215212	0.000197715	0.000157866	0.000116637	8.34812e-05	5.88957e-05	4.12928e-05	2.88781e-05	2.01768e-05	1.40922e-05	9.84014e-06	6.86849e-06	4.79116e-06	3.33858e-06	2.32257e-06	1.61179e-06	1.11445e-06	7.66412e-07	5.2284e-07	3.52365e-07	2.33046e-07	1.49529e-07	9.10698e-08	5.01499e-08	2.15068e-08	9.7127e-09
421.639	0.000206745	0.000189928	0.000151636	0.000112025	8.01778e-05	5.65647e-05	3.96587e-05	2.77356e-05	1.93787e-05	1.35349e-05	9.45104e-06	6.59693e-06	4.60175e-06	3.20659e-06	2.23076e-06	1.54807e-06	1.07039e-06	7.36117e-07	5.02173e-07	3.38437e-07	2.23834e-07	1.43618e-07	8.747e-08	4.81676e-08	2.06567e-08	9.32878e-09
439.783	0.000198245	0.000182116	0.000145392	0.000107409	7.68735e-05	5.42339e-05	3.8025e-05	2.65934e-05	1.85809e-05	1.29778e-05	9.06208e-06	6.32546e-06	4.4124e-06	3.07466e-06	2.13898e-06	1.48438e-06	1.02635e-06	7.05832e-07	4.81513e-07	3.24513e-07	2.14625e-07	1.3771e-07	8.38715e-08	4.6186e-08	1.98069e-08	8.94499e-09
458.707	0.000189732	0.000174295	0.000139147	0.000102796	7.35726e-05	5.19062e-05	3.63937e-05	2.54529e-05	1.77843e-05	1.24215e-05	8.6737e-06	6.05439e-06	4.22332e-06	2.94292e-06	2.04733e-06	1.42078e-06	9.82381e-07	6.75591e-07	4.60883e-07	3.1061e-07	2.0543e-07	1.3181e-07	8.02782e-08	4.42073e-08	1.89583e-08	8.56177e-09
478.442	0.000181225	0.000166481	0.000132912	9.81925e-05	7.02804e-05	4.95851e-05	3.47672e-05	2.43158e-05	1.699e-05	1.18669e-05	8.28645e-06	5.78411e-06	4.0348e-06	2.81155e-06	1.95595e-06	1.35737e-06	9.38535e-07	6.45438e-07	4.40313e-07	2.96747e-07	1.96262e-07	1.25927e-07	7.66953e-08	4.22342e-08	1.81122e-08	8.17965e-09
499.025	0.000172744	0.000158693	0.0001267	9.36081e-05	6.70024e-05	4.72743e-05	3.31479e-05	2.31838e-05	1.61993e-05	1.13147e-05	7.90094e-06	5.51505e-06	3.84713e-06	2.68078e-06	1.86498e-06	1.29424e-06	8.94885e-07	6.1542e-07	4.19835e-07	2.82946e-07	1.87134e-07	1.20071e-07	7.31284e-08	4.02701e-08	1.72698e-08	7.79924e-09
520.492	0.000164308	0.000150947	0.000120524	8.90513e-05	6.37447e-05	4.49779e-05	3.15387e-05	2.20589e-05	1.54135e-05	1.0766e-05	7.51782e-06	5.24765e-06	3.66061e-06	2.55082e-06	1.77457e-06	1.2315e-06	8.51504e-07	5.85587e-07	3.99484e-07	2.6923e-07	1.78063e-07	1.1425e-07	6.95835e-08	3.8318e-08	1.64327e-08	7.42117e-09
542.88	0.000155938	0.000143262	0.000114396	8.45315e-05	6.05137e-05	4.27003e-05	2.99428e-05	2.09431e-05	1.46341e-05	1.02217e-05	7.13782e-06	4.98242e-06	3.4756e-06	2.42191e-06	1.68489e-06	1.16926e-06	8.08475e-07	5.55996e-07	3.79297e-07	2.55626e-07	1.69065e-07	1.08477e-07	6.60673e-08	3.63817e-08	1.56023e-08	7.04617e-09
566.229	0.000147652	0.000135655	0.000108332	8.00582e-05	5.73158e-05	4.04461e-05	2.83631e-05	1.98387e-05	1.38627e-05	9.68297e-06	6.76167e-06	4.71988e-06	3.29248e-06	2.2943e-06	1.59612e-06	1.10766e-06	7.65881e-07	5.26704e-07	3.59314e-07	2.42159e-07	1.60158e-07	1.02762e-07	6.25868e-08	3.4465e-08	1.47803e-08	6.67496e-09
590.581	0.000139472	0.000128145	0.000102344	7.56414e-05	5.41582e-05	3.82201e-05	2.68032e-05	1.87481e-05	1.31008e-05	9.15092e-06	6.39019e-06	4.4606e-06	3.11162e-06	2.16828e-06	1.50845e-06	1.04682e-06	7.23815e-07	4.97775e-07	3.39579e-07	2.28858e-07	1.51362e-07	9.71179e-08	5.91493e-08	3.25721e-08	1.39685e-08	6.30835e-09
615.978	0.000131416	0.000120749	9.64473e-05	7.12909e-05	5.10478e-05	3.60272e-05	2.52664e-05	1.76736e-05	1.23502e-05	8.62671e-06	6.02417e-06	4.20512e-06	2.93341e-06	2.04411e-06	1.42206e-06	9.86876e-07	6.82366e-07	4.6927e-07	3.20134e-07	2.15753e-07	1.42694e-07	9.15567e-08	5.57622e-08	3.07069e-08	1.31687e-08	5.94711e-09
642.466	0.000123504	0.000113484	9.06547e-05	6.7017e-05	4.79918e-05	3.38725e-05	2.37562e-05	1.66177e-05	1.16125e-05	8.11154e-06	5.66446e-06	3.95405e-06	2.75828e-06	1.92207e-06	1.33717e-06	9.27961e-07	6.41631e-07	4.41256e-07	3.01023e-07	2.02873e-07	1.34176e-07	8.60911e-08	5.24334e-08	2.88738e-08	1.23825e-08	5.5921e-09
670.091	0.000115756	0.000106369	8.49803e-05	6.28295e-05	4.49971e-05	3.17609e-05	2.22761e-05	1.55828e-05	1.08895e-05	7.60659e-06	5.31188e-06	3.70795e-06	2.58661e-06	1.80245e-06	1.25395e-06	8.70213e-07	6.01701e-07	4.13797e-07	2.8229e-07	1.90249e-07	1.25826e-07	8.07337e-08	4.91705e-08	2.7077e-08	1.1612e-08	5.2441e-09
698.901	0.000108188	9.94201e-05	7.94375e-05	5.87384e-05	4.2071e-05	2.96973e-05	2.08297e-05	1.45714e-05	1.01829e-05	7.11305e-06	4.96727e-06	3.46741e-06	2.41883e-06	1.68554e-06	1.17262e-06	8.13768e-07	5.62673e-07	3.86957e-07	2.6398e-07	1.77909e-07	1.17665e-07	7.54972e-08	4.59813e-08	2.53208e-08	1.08588e-08	4.90396e-09
728.949	0.000100821	9.26539e-05	7.40393e-05	5.47533e-05	3.92202e-05	2.76867e-05	1.94202e-05	1.35857e-05	9.4942e-06	6.63208e-06	4.63142e-06	3.23299e-06	2.2553e-06	1.57159e-06	1.09335e-06	7.58757e-07	5.24637e-07	3.60799e-07	2.46136e-07	1.65882e-07	1.09711e-07	7.03937e-08	4.2873e-08	2.36092e-08	1.01248e-08	4.57247e-09
760.286	9.36697e-05	8.60858e-05	6.87983e-05	5.08834e-05	3.64514e-05	2.57336e-05	1.8051e-05	1.26282e-05	8.82518e-06	6.16481e-06	4.30514e-06	3.00524e-06	2.09643e-06	1.46089e-06	1.01633e-06	7.05312e-07	4.87683e-07	3.35386e-07	2.28799e-07	1.54198e-07	1.01983e-07	6.54355e-08	3.98532e-08	2.19462e-08	9.41164e-09	4.2504e-09
792.969	8.6751e-05	7.97309e-05	6.37263e-05	4.71374e-05	3.37708e-05	2.38426e-05	1.67251e-05	1.17009e-05	8.17731e-06	5.71229e-06	3.98916e-06	2.78468e-06	1.94258e-06	1.35368e-06	9.41747e-07	6.53552e-07	4.51894e-07	3.10773e-07	2.12008e-07	1.42883e-07	9.44994e-08	6.06336e-08	3.69286e-08	2.03357e-08	8.72098e-09	3.93849e-09
827.055	8.00796e-05	7.36025e-05	5.88342e-05	4.35236e-05	3.11843e-05	2.20178e-05	1.54456e-05	1.0806e-05	7.55202e-06	5.27555e-06	3.68419e-06	2.5718e-06	1.79408e-06	1.2502e-06	8.6976e-07	6.03595e-07	4.17352e-07	2.87018e-07	1.95803e-07	1.31961e-07	8.72761e-08	5.59989e-08	3.41059e-08	1.87813e-08	8.05437e-09	3.63744e-09
862.605	7.36692e-05	6.77133e-05	5.41321e-05	4.00493e-05	2.86974e-05	2.0263e-05	1.42151e-05	9.94538e-06	6.95064e-06	4.8555e-06	3.39086e-06	2.36705e-06	1.65125e-06	1.15067e-06	8.0052e-07	5.55544e-07	3.84128e-07	2.6417e-07	1.80216e-07	1.21456e-07	8.03284e-08	5.15411e-08	3.13909e-08	1.72862e-08	7.4132e-09	3.34788e-09
899.68	6.75315e-05	6.20744e-05	4.96289e-05	3.67215e-05	2.63149e-05	1.85817e-05	1.30361e-05	9.12069e-06	6.37437e-06	4.45297e-06	3.10977e-06	2.17084e-06	1.51438e-06	1.0553e-06	7.34167e-07	5.09498e-07	3.5229e-07	2.42274e-07	1.65279e-07	1.11389e-07	7.36705e-08	4.72691e-08	2.87891e-08	1.58535e-08	6.79877e-09	3.0704e-09
938.347	6.16773e-05	5.66954e-05	4.53326e-05	3.35457e-05	2.40409e-05	1.69768e-05	1.19106e-05	8.3334e-06	5.82422e-06	4.06869e-06	2.84142e-06	1.98352e-06	1.38371e-06	9.64239e-07	6.7082e-07	4.65537e-07	3.21893e-07	2.2137e-07	1.51018e-07	1.01778e-07	6.7314e-08	4.31907e-08	2.63051e-08	1.44856e-08	6.21216e-09	2.80548e-09
978.674	5.61151e-05	5.15843e-05	4.12494e-05	3.05271e-05	2.18791e-05	1.5451e-05	1.08405e-05	7.58481e-06	5.3011e-06	3.70328e-06	2.58625e-06	1.8054e-06	1.25945e-06	8.77651e-07	6.10582e-07	4.23733e-07	2.92988e-07	2.01492e-07	1.37457e-07	9.26392e-08	6.12695e-08	3.93124e-08	2.3943e-08	1.31849e-08	5.65433e-09	2.55356e-09
1020.73	5.08516e-05	4.67475e-05	3.73848e-05	2.76694e-05	1.98323e-05	1.40062e-05	9.82707e-06	6.8759e-06	4.80569e-06	3.35722e-06	2.34458e-06	1.6367e-06	1.14177e-06	7.95648e-07	5.53533e-07	3.84142e-07	2.65613e-07	1.82666e-07	1.24614e-07	8.39837e-08	5.5545e-08	3.56393e-08	2.1706e-08	1.1953e-08	5.12604e-09	2.31498e-09
1064.6	4.58919e-05	4.21894e-05	3.37422e-05	2.49756e-05	1.79026e-05	1.26439e-05	8.8715e-06	6.20741e-06	4.33852e-06	3.03088e-06	2.11669e-06	1.47762e-06	1.0308e-06	7.18316e-07	4.99734e-07	3.46806e-07	2.39798e-07	1.64913e-07	1.12503e-07	7.58212e-08	5.01465e-08	3.21755e-08	1.95964e-08	1.07913e-08	4.62783e-09	2.08998e-09
1110.34	4.12385e-05	3.79126e-05	3.0324e-05	2.24472e-05	1.60912e-05	1.13651e-05	7.97441e-06	5.57981e-06	3.89992e-06	2.72449e-06	1.90272e-06	1.32826e-06	9.26604e-07	6.45709e-07	4.49221e-07	3.11752e-07	2.1556e-07	1.48244e-07	1.01132e-07	6.81575e-08	4.50779e-08	2.89233e-08	1.76156e-08	9.70052e-09	4.16007e-09	1.87873e-09
1158.06	3.68924e-05	3.3918e-05	2.71308e-05	2.00849e-05	1.43986e-05	1.017e-05	7.13605e-06	4.99328e-06	3.49e-06	2.43814e-06	1.70275e-06	1.18866e-06	8.29224e-07	5.7785e-07	4.02012e-07	2.7899e-07	1.92906e-07	1.32665e-07	9.05035e-08	6.09948e-08	4.03406e-08	2.58838e-08	1.57644e-08	8.68109e-09	3.72289e-09	1.6813e-09
1207.82	3.28523e-05	3.02044e-05	2.41618e-05	1.78882e-05	1.28245e-05	9.05848e-06	6.35628e-06	4.44771e-06	3.10872e-06	2.17178e-06	1.51674e-06	1.05881e-06	7.38641e-07	5.14727e-07	3.58098e-07	2.48514e-07	1.71834e-07	1.18173e-07	8.06174e-08	5.4332e-08	3.5934e-08	2.30563e-08	1.40424e-08	7.73281e-09	3.31622e-09	1.49764e-09
1259.71	2.91147e-05	2.67687e-05	2.14148e-05	1.58554e-05	1.13677e-05	8.02974e-06	5.63454e-06	3.94274e-06	2.75579e-06	1.92524e-06	1.34456e-06	9.38621e-07	6.54794e-07	4.56298e-07	3.17448e-07	2.20304e-07	1.52329e-07	1.04759e-07	7.14663e-08	4.81646e-08	3.18551e-08	2.04392e-08	1.24484e-08	6.85504e-09	2.93979e-09	1.32764e-09
1313.83	2.56745e-05	2.36062e-05	1.88858e-05	1.39838e-05	1.00263e-05	7.08242e-06	4.96989e-06	3.4777e-06	2.43077e-06	1.69818e-06	1.18599e-06	8.27928e-07	5.77574e-07	4.02487e-07	2.80012e-07	1.94324e-07	1.34365e-07	9.2405e-08	6.30385e-08	4.24847e-08	2.80985e-08	1.80288e-08	1.09804e-08	6.04665e-09	2.59311e-09	1.17108e-09
1370.28	2.25244e-05	2.07104e-05	1.65698e-05	1.22696e-05	8.79757e-06	6.21466e-06	4.36104e-06	3.05169e-06	2.13302e-06	1.49018e-06	1.04073e-06	7.26522e-07	5.06832e-07	3.53191e-07	2.45717e-07	1.70524e-07	1.17908e-07	8.10873e-08	5.53176e-08	3.72813e-08	2.4657e-08	1.58207e-08	9.63554e-09	5.30607e-09	2.27551e-09	1.02764e-09
1429.15	1.96556e-05	1.80729e-05	1.44604e-05	1.07081e-05	7.67822e-06	5.42408e-06	3.80633e-06	2.66355e-06	1.86174e-06	1.30066e-06	9.08369e-07	6.34126e-07	4.42376e-07	3.08274e-07	2.14468e-07	1.48838e-07	1.02914e-07	7.07753e-08	4.82828e-08	3.25401e-08	2.15214e-08	1.38087e-08	8.41017e-09	4.63129e-09	1.98613e-09	8.96958e-10
1490.55	1.70574e-05	1.56843e-05	1.25497e-05	9.29364e-06	6.6642e-06	4.70786e-06	3.30377e-06	2.3119e-06	1.61596e-06	1.12895e-06	7.88453e-07	5.50415e-07	3.83978e-07	2.67579e-07	1.86157e-07	1.2919e-07	8.93281e-08	6.14324e-08	4.19091e-08	2.82446e-08	1.86804e-08	1.19859e-08	7.29997e-09	4.01992e-09	1.72394e-09	7.78553e-10
1554.58	1.47181e-05	1.35334e-05	1.08291e-05	8.01979e-06	5.75094e-06	4.06278e-06	2.85112e-06	1.99516e-06	1.39457e-06	9.74291e-07	6.80441e-07	4.75013e-07	3.31377e-07	2.30924e-07	1.60655e-07	1.11492e-07	7.70911e-08	5.30168e-08	3.6168e-08	2.43754e-08	1.61214e-08	1.0344e-08	6.29995e-09	3.46924e-09	1.48778e-09	6.719e-10
1621.37	1.26243e-05	1.16083e-05	9.28902e-06	6.87948e-06	4.93336e-06	3.48526e-06	2.44587e-06	1.71159e-06	1.19637e-06	8.35821e-07	5.83735e-07	4.07503e-07	2.84282e-07	1.98105e-07	1.37823e-07	9.56471e-08	6.61351e-08	4.54822e-08	3.10279e-08	2.09112e-08	1.38302e-08	8.8739e-09	5.40462e-09	2.9762e-09	1.27634e-09	5.76411e-10
1691.02	1.0762e-05	9.89599e-06	7.91903e-06	5.86505e-06	4.206e-06	2.97146e-06	2.08531e-06	1.45929e-06	1.02002e-06	7.12619e-07	4.97692e-07	3.47438e-07	2.42379e-07	1.68905e-07	1.17508e-07	8.1549e-08	5.63869e-08	3.87782e-08	2.64544e-08	1.7829e-08	1.17917e-08	7.56591e-09	4.60799e-09	2.53751e-09	1.08821e-09	4.91449e-10
1763.66	9.11604e-06	8.38261e-06	6.70816e-06	4.96838e-06	3.56305e-06	2.51726e-06	1.76659e-06	1.23625e-06	8.64123e-07	6.03707e-07	4.21629e-07	2.94338e-07	2.05336e-07	1.43091e-07	9.95494e-08	6.90859e-08	4.77694e-08	3.28518e-08	2.24114e-08	1.51042e-08	9.98959e-09	6.40962e-09	3.90376e-09	2.14971e-09	9.21903e-10	4.16342e-10
1839.42	7.67105e-06	7.05394e-06	5.64503e-06	4.18108e-06	2.9985e-06	2.11844e-06	1.48671e-06	1.0404e-06	7.27228e-07	5.08069e-07	3.54836e-07	2.4771e-07	1.72808e-07	1.20423e-07	8.37792e-08	5.81416e-08	4.0202e-08	2.76476e-08	1.88611e-08	1.27114e-08	8.40709e-09	5.39424e-09	3.28534e-09	1.80916e-09	7.7586e-10	3.50387e-10
1918.43	6.41115e-06	5.89545e-06	4.71802e-06	3.49456e-06	2.50619e-06	1.77065e-06	1.24264e-06	8.69603e-07	6.07844e-07	4.24664e-07	2.96586e-07	2.07046e-07	1.4444e-07	1.00655e-07	7.00262e-08	4.85972e-08	3.36025e-08	2.3109e-08	1.57649e-08	1.06248e-08	7.027e-09	4.50874e-09	2.74603e-09	1.51218e-09	6.48497e-10	2.92868e-10
2000.83	5.32042e-06	4.89249e-06	3.91544e-06	2.90016e-06	2.07994e-06	1.46951e-06	1.03131e-06	7.21714e-07	5.04473e-07	3.52445e-07	2.46148e-07	1.71836e-07	1.19876e-07	8.35374e-08	5.81176e-08	4.03329e-08	2.78881e-08	1.91791e-08	1.3084e-08	8.81794e-09	5.832e-09	3.74199e-09	2.27905e-09	1.25502e-09	5.38215e-10	2.43064e-10
2086.77	4.38307e-06	4.03055e-06	3.22569e-06	2.38929e-06	1.71358e-06	1.21068e-06	8.49664e-07	5.94602e-07	4.15623e-07	2.90372e-07	2.02797e-07	1.41572e-07	9.87637e-08	6.88248e-08	4.7882e-08	3.32294e-08	2.29765e-08	1.58013e-08	1.07796e-08	7.26493e-09	4.80487e-09	3.08295e-09	1.87766e-09	1.03398e-09	4.43424e-10	2.00255e-10
2176.4	3.58362e-06	3.29542e-06	2.63739e-06	1.95356e-06	1.40109e-06	9.89907e-07	6.94728e-07	4.86178e-07	3.39836e-07	2.37424e-07	1.65818e-07	1.15758e-07	8.07549e-08	5.62751e-08	3.9151e-08	2.71703e-08	1.87869e-08	1.29201e-08	8.81405e-09	5.94022e-09	3.92874e-09	2.5208e-09	1.53528e-09	8.45445e-10	3.62569e-10	1.6374e-10
2269.88	2.90713e-06	2.67335e-06	2.13955e-06	1.58483e-06	1.13665e-06	8.03074e-07	5.63609e-07	3.9442e-07	2.75699e-07	1.92615e-07	1.34523e-07	9.39107e-08	6.5514e-08	4.56543e-08	3.17621e-08	2.20425e-08	1.52413e-08	1.04817e-08	7.15058e-09	4.81913e-09	3.18727e-09	2.04505e-09	1.24553e-09	6.85885e-10	2.94142e-10	1.32838e-10
2367.37	2.33932e-06	2.15121e-06	1.72169e-06	1.27531e-06	9.14668e-07	6.46243e-07	4.53544e-07	3.17397e-07	2.2186e-07	1.55001e-07	1.08253e-07	7.55717e-08	5.27204e-08	3.67389e-08	2.55596e-08	1.7738e-08	1.22649e-08	8.43481e-09	5.75422e-09	3.87805e-09	2.56486e-09	1.64569e-09	1.0023e-09	5.51946e-10	2.36702e-10	1.06897e-10
2400	2.16355e-06	1.98957e-06	1.59233e-06	1.1795e-06	8.4595e-07	5.97693e-07	4.19471e-07	2.93552e-07	2.05192e-07	1.43356e-07	1.00121e-07	6.98945e-08	4.87598e-08	3.3979e-08	2.36394e-08	1.64055e-08	1.13435e-08	7.80115e-09	5.32193e-09	3.58672e-09	2.37218e-09	1.52206e-09	9.27007e-10	5.10481e-10	2.1892e-10	9.88667e-11
