x	E1681
0	1
0.15	1.00355
0.3	1.00824
0.45	1.01411
0.5	1.01632
0.65	1.01674
0.8	1.01707
0.95	1.01735
1.1	1.0176
1.25	1.01782
1.4	1.01802
1.5	1.01815
1.64286	1.02357
1.78647	1.02979
1.93136	1.03684
2.06337	1.04391
2.19728	1.0517
2.22993	1.05368
2.28605	1.05715
2.36095	1.06196
2.45087	1.06803
2.49766	1.07127
2.5	1.07143
2.58169	1.07182
2.67703	1.07221
2.78331	1.07258
2.89833	1.07295
3	1.07324
3.12154	1.06581
3.24799	1.05844
3.37915	1.0512
3.51408	1.04423
3.65202	1.03765
3.79237	1.03154
3.93466	1.02593
4	1.02355
4.14506	1.0233
4.29111	1.02313
4.43795	1.02299
4.5	1.02294
4.64798	1.0282
4.69744	1.03013
4.76701	1.033
4.85266	1.0368
4.95118	1.04151
5.06	1.04712
5.12132	1.05045
5.18002	1.05377
5.25699	1.05831
5.34856	1.06392
5.45021	1.07053
5.5	1.0739
5.61906	1.0743
5.74431	1.07463
5.87451	1.07492
6	1.07516
6.13733	1.06674
6.27719	1.05865
6.41908	1.05094
6.56259	1.04371
6.7074	1.03705
6.85325	1.03096
6.99992	1.02544
7	1.02543
7.14787	1.02509
7.29617	1.02482
7.44481	1.02459
7.5	1.02451
7.64913	1.02962
7.72734	1.03263
7.81793	1.03639
7.92041	1.04103
8.0324	1.04654
8.14059	1.05228
8.2532	1.05869
8.28751	1.06072
8.33403	1.06353
8.39841	1.06754
8.47992	1.07285
8.5	1.0742
8.60616	1.0745
8.72109	1.07474
8.84304	1.07495
8.97059	1.07514
9	1.07519
9.13564	1.06689
9.27414	1.05888
9.41495	1.05123
9.5576	1.04407
9.70171	1.03745
9.84701	1.03139
9.99324	1.02589
10	1.02566
10.1476	1.02526
10.2957	1.02494
10.4441	1.02466
10.5	1.02456
10.649	1.02952
10.7485	1.03329
10.8567	1.03781
10.9732	1.04317
11.0965	1.04939
11.1638	1.053
11.2477	1.05772
11.3078	1.06126
11.3835	1.06585
11.474	1.07163
11.5	1.07335
11.6119	1.07363
11.7315	1.07384
11.8571	1.07403
11.9876	1.07418
12	1.0742
12.1375	1.06582
12.2775	1.05776
12.4196	1.0501
12.5632	1.04296
12.7081	1.03638
12.854	1.03037
13	1.02497
13.1474	1.02454
13.2953	1.02419
13.4436	1.02388
13.5	1.02377
13.6489	1.02862
13.7626	1.03288
13.8835	1.03794
14.0102	1.04384
14.1416	1.05057
14.1802	1.05265
14.238	1.05587
14.3143	1.06032
14.4053	1.06584
14.5	1.07192
14.6122	1.07218
14.732	1.07238
14.8579	1.07254
14.9886	1.07268
15	1.07269
15.1376	1.06436
15.2777	1.05632
15.4198	1.04871
15.5635	1.04162
15.7084	1.0351
15.8544	1.02914
16	1.02381
16.1474	1.02337
16.2953	1.023
16.4437	1.02268
16.5	1.02256
16.6489	1.02732
16.7839	1.03236
16.9218	1.03822
17.0622	1.0449
17.1909	1.05166
17.1971	1.052
17.2185	1.05318
17.2656	1.05583
17.3332	1.0598
17.4174	1.06491
17.5	1.07019
17.6078	1.07043
17.7241	1.07062
17.8471	1.07078
17.9756	1.07091
18	1.07093
18.1362	1.06273
18.2751	1.05479
18.4146	1.04735
18.5562	1.04039
18.6995	1.03396
18.8441	1.02808
18.9898	1.02275
19	1.02241
19.1472	1.02196
19.295	1.02158
19.4433	1.02125
19.5	1.02113
19.6489	1.02581
19.798	1.03135
19.9471	1.03772
20.0964	1.04493
20.2103	1.05097
20.3314	1.05789
20.3676	1.06005
20.4098	1.0626
20.4735	1.0666
20.5	1.06831
20.5948	1.06854
20.7006	1.06871
20.8153	1.06886
20.937	1.06899
21	1.06905
21.1319	1.06114
21.2674	1.05342
21.4058	1.04605
21.5466	1.03914
21.6892	1.03276
21.8332	1.02691
21.9785	1.02162
22	1.02089
22.147	1.02043
22.2945	1.02005
22.4426	1.01971
22.5	1.01959
22.6488	1.0242
22.7978	1.02967
22.947	1.03597
23.0963	1.04312
23.2245	1.0499
23.2349	1.05048
23.2601	1.05188
23.3102	1.05475
23.3703	1.05831
23.4348	1.06225
23.5	1.06638
23.5953	1.0666
23.7015	1.06677
23.8165	1.06692
23.9384	1.06705
24	1.06711
24.1321	1.05923
24.2677	1.05155
24.4062	1.04422
24.5471	1.03737
24.6897	1.03104
24.8338	1.02524
24.9791	1.02
25	1.01931
25.147	1.01885
25.2946	1.01846
25.4427	1.01812
25.5	1.018
25.6488	1.02255
25.7978	1.02795
25.947	1.0342
26.0964	1.04129
26.2316	1.04842
26.2445	1.04913
26.2719	1.05066
26.3237	1.05364
26.3816	1.05708
26.4554	1.0616
26.5	1.06442
26.6012	1.06466
26.7122	1.06484
26.831	1.06499
26.956	1.06512
27	1.06516
27.134	1.05721
27.2712	1.04949
27.411	1.04216
27.5528	1.03533
27.6963	1.02905
27.841	1.02331
27.9868	1.01814
28	1.01771
28.1473	1.01724
28.2952	1.01686
28.4435	1.01652
28.5	1.01639
28.6489	1.02089
28.798	1.02624
28.9473	1.03243
29.0968	1.03948
29.2463	1.04737
29.3603	1.05391
29.3949	1.05598
29.4526	1.05951
29.5	1.0625
29.5798	1.06269
29.6736	1.06286
29.7786	1.06301
29.8927	1.06314
30	1.06324
30.127	1.05574
30.2586	1.04834
30.3938	1.04123
30.5321	1.03455
30.6726	1.02835
30.8151	1.02265
30.9591	1.01749
31	1.01613
31.1461	1.01567
31.2931	1.01529
31.4406	1.01495
31.5	1.01481
31.6484	1.01923
31.7972	1.02452
31.8468	1.02645
31.9165	1.02933
32.0023	1.03314
32.101	1.03786
32.2099	1.04351
32.2656	1.04656
32.3402	1.05081
32.4043	1.05463
32.4856	1.05965
32.5	1.06056
32.606	1.06081
32.7208	1.061
32.8426	1.06116
32.9701	1.0613
33	1.06133
33.1356	1.05335
33.274	1.04565
33.4148	1.03838
33.5574	1.03164
33.7015	1.02545
33.8468	1.01982
33.993	1.01477
34	1.01454
34.1476	1.01408
34.2956	1.01369
34.4441	1.01335
34.5	1.01323
34.649	1.01761
34.7982	1.02287
34.8622	1.02536
34.9434	1.02876
35.0384	1.03306
35.1444	1.03826
35.2592	1.04438
35.38	1.05132
35.42	1.05373
35.4762	1.05719
35.5	1.05869
35.5879	1.05891
35.6882	1.05909
35.7985	1.05925
35.9167	1.05939
36	1.05947
36.1297	1.05187
36.2634	1.04444
36.4003	1.03737
36.5399	1.03075
36.6816	1.02463
36.8249	1.01904
36.9696	1.014
37	1.01302
37.1466	1.01255
37.2939	1.01217
37.4417	1.01183
37.5	1.0117
37.6486	1.01602
37.7975	1.02121
37.8756	1.02425
37.9661	1.02807
38.0685	1.03278
38.1804	1.03838
38.2886	1.04424
38.4051	1.05103
38.4322	1.05267
38.4839	1.05586
38.5	1.05687
38.5849	1.05708
38.6829	1.05727
38.7912	1.05743
38.9079	1.05757
39	1.05767
39.1287	1.05015
39.2616	1.0428
39.398	1.03579
39.5371	1.02923
39.6783	1.02316
39.8213	1.01762
39.9657	1.01262
40	1.01153
40.1464	1.01106
40.2936	1.01068
40.4413	1.01034
40.5	1.01021
40.6485	1.01448
40.7974	1.01961
40.8896	1.02321
40.9847	1.02725
41.0908	1.03218
41.2057	1.03801
41.2985	1.04307
41.4028	1.04913
41.4445	1.05166
41.4976	1.05494
41.5	1.0551
41.5858	1.05532
41.6845	1.0555
41.7935	1.05567
41.9106	1.05581
42	1.05591
42.129	1.04841
42.2622	1.04108
42.3987	1.03411
42.5379	1.02759
42.6793	1.02156
42.8224	1.01607
42.9669	1.01112
43	1.01007
43.1465	1.00961
43.2937	1.00923
43.4414	1.00889
43.5	1.00876
43.6486	1.01298
43.7974	1.01807
43.8968	1.02192
44.0063	1.02661
44.1239	1.03217
44.248	1.03861
44.3157	1.04235
44.3999	1.04724
44.4555	1.05063
44.5	1.05338
44.5896	1.0536
44.6913	1.05379
44.8026	1.05396
44.9217	1.05411
45	1.0542
45.1302	1.04666
45.2644	1.03932
45.4017	1.03236
45.5416	1.02587
45.6835	1.01988
45.827	1.01443
45.9718	1.00954
46	1.00866
46.1467	1.0082
46.294	1.00781
46.4419	1.00747
46.5	1.00734
46.6486	1.01152
46.7976	1.01656
46.9112	1.02097
47.0311	1.02617
47.157	1.03222
47.2877	1.03916
47.3262	1.04131
47.387	1.04482
47.4656	1.04957
47.5	1.05171
47.5989	1.05195
47.708	1.05216
47.8254	1.05233
47.9492	1.05248
48	1.05254
48.1333	1.04485
48.2699	1.03744
48.4092	1.03044
48.5506	1.02396
48.6937	1.01801
48.8382	1.01261
48.9839	1.00778
49	1.00729
49.1472	1.00682
49.2949	1.00644
49.4431	1.0061
49.5	1.00597
49.6488	1.01011
49.7979	1.01512
49.9188	1.01979
50.0454	1.0253
50.1768	1.03167
50.3118	1.03891
50.4485	1.04692
50.4779	1.04872
50.5	1.05009
50.5702	1.05029
50.6564	1.05046
50.7553	1.05063
50.8644	1.05078
50.9818	1.05092
51	1.05094
51.1291	1.04352
51.2623	1.0363
51.399	1.02944
51.5382	1.02305
51.6797	1.01715
51.8228	1.01179
51.9673	1.00697
52	1.00597
52.1465	1.00551
52.2937	1.00512
52.4414	1.00478
52.5	1.00465
52.6486	1.00874
52.7974	1.01369
52.9323	1.01891
53.0698	1.02495
53.2098	1.03186
53.3382	1.03886
53.3881	1.04173
53.4484	1.04534
53.4853	1.0476
53.5	1.04851
53.5776	1.04872
53.6696	1.04891
53.7733	1.04908
53.8862	1.04924
54	1.04937
54.1263	1.04214
54.2573	1.03505
54.3921	1.0283
54.5299	1.02199
54.6702	1.01614
54.8124	1.01081
54.9562	1.00602
55	1.00469
55.146	1.00422
55.2928	1.00384
55.4403	1.0035
55.5	1.00337
55.6484	1.0074
55.7971	1.0123
55.9389	1.01777
56.0824	1.0241
56.2272	1.0313
56.3522	1.03815
56.4672	1.04497
56.4969	1.04679
56.5	1.04699
56.5584	1.04716
56.6352	1.04733
56.7266	1.04749
56.8297	1.04765
56.9422	1.04779
57	1.04786
57.126	1.04067
57.2568	1.03363
57.3914	1.02692
57.5291	1.02065
57.6693	1.01484
57.8115	1.00955
57.9552	1.0048
58	1.00344
58.146	1.00298
58.2928	1.00259
58.4402	1.00225
58.5	1.00212
58.6483	1.00611
58.797	1.01097
58.946	1.0167
59.0951	1.02329
59.2445	1.03077
59.3583	1.03703
59.3687	1.03763
59.3859	1.03862
59.4297	1.04119
59.4947	1.04516
59.5	1.04549
59.5956	1.04574
59.7021	1.04595
59.8173	1.04613
59.9394	1.0463
60	1.04637
60.1322	1.03886
60.2662	1.03171
60.4035	1.02496
60.5433	1.01868
60.6851	1.01291
60.8286	1.00768
60.9734	1.00301
61	1.00222
61.1467	1.00175
61.294	1.00137
61.4418	1.00103
61.5	1.0009
61.6486	1.00485
61.7975	1.00969
61.9467	1.01538
62.096	1.02195
62.2454	1.0294
62.3665	1.03606
62.3775	1.03669
62.3953	1.03772
62.4396	1.04034
62.5	1.04404
62.5823	1.04426
62.6782	1.04446
62.7849	1.04464
62.9002	1.0448
63	1.04493
63.1278	1.03769
63.2601	1.03065
63.3959	1.02397
63.5345	1.01775
63.6755	1.01201
63.8182	1.00681
63.9624	1.00215
64	1.00104
64.1463	1.00057
64.2933	1.00019
64.4409	0.999847
64.5	0.999718
64.6485	1.00363
64.7973	1.00841
64.9463	1.01407
65.0955	1.02059
65.2449	1.02801
65.373	1.03505
65.3851	1.03574
65.4118	1.03729
65.4631	1.04035
65.5	1.04262
65.5868	1.04286
65.6863	1.04306
65.7959	1.04325
65.9136	1.04342
66	1.04353
66.1293	1.03624
66.2627	1.02917
66.3995	1.0225
66.5389	1.01629
66.6804	1.01059
66.8236	1.00542
66.9682	1.00081
67	0.999886
67.1465	0.999421
67.2937	0.999036
67.4415	0.998697
67.5	0.99857
67.6486	1.00244
67.7974	1.0072
67.9465	1.01282
68.0958	1.01931
68.2452	1.0267
68.3805	1.03412
68.3919	1.03478
68.4179	1.03629
68.4687	1.03932
68.5	1.04125
68.5865	1.04148
68.6857	1.04169
68.7951	1.04188
68.9126	1.04205
69	1.04217
69.1292	1.03491
69.2626	1.02788
69.3992	1.02124
69.5386	1.01507
69.6801	1.00941
69.8233	1.00428
69.9678	0.999705
70	0.998773
70.1465	0.998308
70.2937	0.997923
70.4415	0.997585
70.5	0.997457
70.6486	1.00129
70.7974	1.00601
70.9465	1.01159
71.0958	1.01805
71.2452	1.0254
71.3876	1.03322
71.4037	1.03414
71.4263	1.03546
71.4743	1.03834
71.5	1.03991
71.5848	1.04015
71.6826	1.04036
71.7908	1.04055
71.9074	1.04072
72	1.04084
72.1286	1.03365
72.2615	1.02667
72.3978	1.02008
72.5369	1.01395
72.6781	1.00832
72.8211	1.00323
72.9655	0.998685
73	0.997695
73.1464	0.99723
73.2935	0.996845
73.4412	0.996507
73.5	0.996379
73.6485	1.00018
73.7974	1.00485
73.9464	1.01041
74.0957	1.01683
74.2451	1.02415
74.3946	1.03235
74.4147	1.0335
74.4411	1.03505
74.4922	1.03814
74.5	1.03862
74.5867	1.03886
74.6861	1.03907
74.7956	1.03927
74.9132	1.03945
75	1.03956
75.1293	1.03236
75.2627	1.02539
75.3994	1.01882
75.5388	1.01271
75.6803	1.00711
75.8235	1.00206
75.9681	0.997557
76	0.996649
76.1465	0.996183
76.2937	0.995798
76.4415	0.995461
76.5	0.995333
76.6486	0.999096
76.7974	1.00374
76.9465	1.00926
76.9963	1.01128
77.0661	1.01429
77.1519	1.01826
77.2506	1.02319
77.3595	1.02908
77.4153	1.03226
77.4811	1.03617
77.5	1.03732
77.5961	1.03759
77.7029	1.03782
77.8184	1.03803
77.9408	1.03821
78	1.03829
78.1323	1.03095
78.2682	1.0239
78.4069	1.01729
78.5478	1.01119
78.6906	1.00562
78.8348	1.00061
78.9802	0.996164
79	0.995609
79.147	0.995143
79.2947	0.994758
79.4428	0.994421
79.5	0.994297
79.6488	0.998032
79.7978	1.00265
79.947	1.00814
80.0039	1.01045
80.0795	1.01372
80.1699	1.01794
80.2722	1.02312
80.3841	1.02926
80.4282	1.03179
80.4936	1.0357
80.5	1.03609
80.5958	1.03636
80.7025	1.03659
80.8178	1.0368
80.94	1.03699
81	1.03707
81.1322	1.02976
81.268	1.02274
81.4067	1.01617
81.5476	1.0101
81.6903	1.00456
81.8345	0.999584
81.9798	0.995174
82	0.994614
82.147	0.994148
82.2946	0.993764
82.4427	0.993428
82.5	0.993304
82.6488	0.997005
82.7978	1.00159
82.947	1.00705
83.011	1.00965
83.0923	1.01318
83.1872	1.01765
83.2932	1.02308
83.408	1.02945
83.5	1.03491
83.6248	1.03524
83.7546	1.03551
83.8885	1.03573
84	1.03589
84.1397	1.02821
84.2814	1.02096
84.4248	1.01427
84.5695	1.00815
84.7153	1.00263
84.8619	0.997713
85	0.993651
85.1478	0.993184
85.2961	0.9928
85.4447	0.992464
85.5	0.992345
85.6491	0.996022
85.7984	1.00058
85.9478	1.00603
86.0191	1.00892
86.106	1.01272
86.2056	1.01746
86.3153	1.02314
86.433	1.02976
86.4872	1.03298
86.5	1.03375
86.5815	1.034
86.6767	1.03422
86.7828	1.03442
86.8977	1.03461
87	1.03476
87.1275	1.02775
87.2596	1.02096
87.3952	1.01455
87.5337	1.00859
87.6745	1.00312
87.8172	0.99819
87.9613	0.993808
88	0.992738
88.1462	0.992274
88.2932	0.991891
88.4408	0.991556
88.5	0.991429
88.6485	0.995055
88.7972	0.999563
88.9462	1.00495
89.0244	1.00811
89.1169	1.01218
89.2209	1.01716
89.3342	1.02308
89.4375	1.02892
89.4524	1.02979
89.4739	1.03107
89.5	1.03264
89.5677	1.03285
89.6519	1.03306
89.7493	1.03326
89.8572	1.03345
89.9735	1.03362
90	1.03366
90.1284	1.02663
90.2612	1.01983
90.3974	1.01343
90.5363	1.00749
90.6775	1.00205
90.8204	0.997152
90.9648	0.992807
91	0.991844
91.1464	0.991379
91.2935	0.990996
91.4412	0.990661
91.5	0.990534
91.6485	0.994131
91.7973	0.99861
91.9464	1.00397
92.0388	1.00772
92.1427	1.01235
92.2558	1.01789
92.3763	1.02436
92.447	1.02841
92.5	1.03157
92.5992	1.03186
92.7086	1.0321
92.8261	1.03232
92.9501	1.03252
93	1.03259
93.1334	1.02532
93.2701	1.01838
93.4094	1.0119
93.5509	1.00594
93.6941	1.00052
93.8386	0.995667
93.9843	0.991392
94	0.99097
94.1472	0.990504
94.295	0.99012
94.4432	0.989785
94.5	0.989663
94.6489	0.993239
94.7979	0.997699
94.9472	1.00304
95.0397	1.00678
95.1437	1.0114
95.2569	1.01693
95.3775	1.02339
95.4533	1.02774
95.5	1.03051
95.6026	1.03081
95.7146	1.03107
95.8342	1.03129
95.9599	1.03149
96	1.03155
96.1345	1.02424
96.272	1.01729
96.4121	1.01082
96.5541	1.00487
96.6977	0.99948
96.8426	0.994664
96.9886	0.990427
97	0.990123
97.1474	0.989657
97.2953	0.989273
97.4436	0.988939
97.5	0.988817
97.6489	0.992365
97.7981	0.996799
97.9474	1.00212
98.047	1.00615
98.1567	1.01104
98.2745	1.01685
98.3987	1.02359
98.4662	1.02748
98.5	1.0295
98.5954	1.02978
98.7017	1.03003
98.8168	1.03025
98.9388	1.03045
99	1.03054
99.1321	1.02338
99.2678	1.01654
99.4063	1.01014
99.5472	1.00424
99.6899	0.998883
99.834	0.994086
99.9793	0.989858
100	0.989309
100.147	0.988844
100.295	0.98846
100.443	0.988126
100.5	0.988003
100.649	0.991517
100.798	0.995917
100.947	1.0012
101.054	1.00551
101.169	1.01069
101.291	1.01677
101.419	1.02378
101.473	1.0269
101.5	1.02851
101.581	1.02876
101.676	1.029
101.782	1.02921
101.897	1.02941
102	1.02957
102.127	1.02268
102.259	1.01602
102.395	1.00974
102.533	1.00392
102.674	0.998592
102.817	0.993803
102.961	0.989565
103	0.988525
103.146	0.98806
103.293	0.987678
103.441	0.987344
103.5	0.987217
103.648	0.990694
103.797	0.995055
103.946	1.0003
104.06	1.00489
104.181	1.01034
104.308	1.0167
104.439	1.02397
104.48	1.02635
104.5	1.02756
104.572	1.02779
104.659	1.02801
104.759	1.02822
104.869	1.02842
104.987	1.02861
105	1.02863
105.129	1.02165
105.263	1.01494
105.4	1.00865
105.539	1.00283
105.681	0.997524
105.824	0.99277
105.969	0.988575
106	0.987758
106.147	0.987292
106.294	0.986909
106.442	0.986575
106.5	0.98645
106.649	0.989903
106.797	0.994241
106.947	0.999466
107.067	1.00434
107.193	1.01005
107.324	1.01666
107.459	1.02419
107.5	1.02663
107.639	1.02702
107.78	1.02732
107.923	1.02757
108	1.0277
108.145	1.0199
108.292	1.01268
108.439	1.0061
108.587	1.00016
108.735	0.994861
108.883	0.990206
109	0.986999
109.149	0.986528
109.298	0.986142
109.448	0.985807
109.5	0.985695
109.65	0.989149
109.799	0.993494
109.949	0.998729
110.07	1.00362
110.197	1.00937
110.329	1.01603
110.464	1.02361
110.5	1.02572
110.639	1.02612
110.781	1.02642
110.924	1.02667
111	1.0268
111.146	1.01901
111.292	1.01181
111.439	1.00525
111.587	0.999328
111.736	0.994061
111.884	0.989433
112	0.986269
112.149	0.985798
112.298	0.985412
112.448	0.985078
112.5	0.984966
112.65	0.988394
112.799	0.992714
112.949	0.997925
113.078	1.0031
113.21	1.00915
113.346	1.01611
113.485	1.02398
113.5	1.02484
113.642	1.02524
113.786	1.02555
113.931	1.02581
114	1.02592
114.147	1.01811
114.294	1.01089
114.442	1.00434
114.59	0.998434
114.739	0.993191
114.888	0.988594
115	0.985564
115.149	0.985092
115.299	0.984707
115.448	0.984372
115.5	0.984261
115.65	0.987667
115.799	0.991964
115.949	0.997154
116.085	1.00262
116.223	1.00895
116.363	1.01619
116.493	1.0236
116.5	1.02399
116.627	1.02436
116.759	1.02466
116.894	1.02491
117	1.02508
117.141	1.0176
117.283	1.01061
117.427	1.00419
117.572	0.998366
117.719	0.99315
117.866	0.988547
118	0.984883
118.148	0.984414
118.296	0.98403
118.445	0.983697
118.5	0.98358
118.649	0.986946
118.799	0.991203
118.948	0.99635
119.091	1.00209
119.234	1.00871
119.379	1.01625
119.5	1.02317
119.647	1.02358
119.794	1.0239
119.942	1.02416
120	1.02426
120.149	1.01638
120.298	1.00916
120.447	1.00261
120.596	0.996745
120.745	0.99155
120.895	0.987013
121	0.984218
121.15	0.983745
121.299	0.983359
121.449	0.983024
121.5	0.982916
121.65	0.986276
121.8	0.990529
121.95	0.995678
122.093	1.00142
122.237	1.00805
122.382	1.01561
122.5	1.02235
122.647	1.02278
122.794	1.0231
122.941	1.02336
123	1.02346
123.148	1.01562
123.297	1.00842
123.446	1.0019
123.595	0.996058
123.745	0.990887
123.894	0.986372
124	0.983572
124.15	0.983099
124.299	0.982713
124.449	0.982378
124.5	0.98227
124.65	0.985606
124.8	0.989836
124.95	0.994961
125.1	1.00099
125.25	1.00793
125.4	1.0158
125.5	1.02157
125.65	1.022
125.8	1.02233
125.95	1.0226
126	1.02268
126.15	1.01478
126.3	1.00755
126.45	1.00103
126.6	0.995199
126.75	0.990052
126.9	0.985568
127	0.982944
127.15	0.98247
127.3	0.982084
127.45	0.981749
127.5	0.981643
127.65	0.984959
127.8	0.989171
127.95	0.994278
128.1	1.00029
128.25	1.00721
128.4	1.01507
128.5	1.02081
128.65	1.02124
128.8	1.02157
128.95	1.02184
129	1.02193
129.15	1.01404
129.3	1.00684
129.45	1.00034
129.6	0.994529
129.75	0.989403
129.9	0.984942
130	0.982334
130.15	0.981861
130.3	0.981474
130.45	0.98114
130.5	0.981033
130.65	0.984327
130.8	0.988517
130.95	0.993603
131.1	0.999594
131.25	1.0065
131.4	1.01434
131.5	1.02007
131.65	1.0205
131.8	1.02083
131.95	1.0211
132	1.02119
132.15	1.01333
132.3	1.00615
132.45	0.999666
132.6	0.993878
132.75	0.988775
132.9	0.984336
133	0.981742
133.15	0.981269
133.3	0.980882
133.45	0.980548
133.5	0.980442
133.65	0.983714
133.8	0.987882
133.95	0.992947
134.1	0.998919
134.25	1.0058
134.4	1.01363
134.5	1.01935
134.65	1.01978
134.8	1.02011
134.95	1.02039
135	1.02047
135.15	1.01263
135.3	1.00547
135.45	0.999013
135.6	0.993246
135.75	0.988164
135.9	0.983746
136	0.981167
136.15	0.980694
136.3	0.980308
136.45	0.979973
136.5	0.979867
136.65	0.983118
136.8	0.987266
136.95	0.992311
137.1	0.998263
137.25	1.00513
137.4	1.01294
137.5	1.01864
137.65	1.01908
137.8	1.01942
137.95	1.01969
138	1.01978
138.15	1.01196
138.3	1.00482
138.45	0.998379
138.6	0.992633
138.75	0.987572
138.9	0.983175
139	0.980609
139.15	0.980136
139.3	0.97975
139.45	0.979416
139.5	0.979309
139.65	0.98254
139.8	0.986667
139.95	0.991692
140.1	0.997626
140.25	1.00448
140.4	1.01226
140.5	1.01796
140.65	1.0184
140.8	1.01874
140.95	1.01902
141	1.0191
141.15	1.0113
141.3	1.00418
141.45	0.997763
141.6	0.992038
141.75	0.986997
141.9	0.98262
142	0.980068
142.15	0.979594
142.3	0.979208
142.45	0.978875
142.5	0.978768
142.65	0.981979
142.8	0.986086
142.95	0.991092
143.1	0.997008
143.25	1.00384
143.4	1.01161
143.5	1.0173
143.65	1.01774
143.8	1.01808
143.95	1.01836
144	1.01845
144.15	1.01067
144.3	1.00357
144.45	0.997166
144.6	0.99146
144.75	0.986439
144.9	0.982081
145	0.979542
145.15	0.979069
145.3	0.978683
145.45	0.978349
145.5	0.978243
145.65	0.981435
145.8	0.985523
145.95	0.99051
146.1	0.996408
146.25	1.00322
146.4	1.01098
146.5	1.01666
146.65	1.0171
146.8	1.01744
146.95	1.01772
147	1.01781
147.15	1.01005
147.3	1.00297
147.45	0.996586
147.6	0.990899
147.75	0.985897
147.9	0.981558
148	0.979032
148.15	0.978558
148.3	0.978173
148.45	0.977839
148.5	0.977733
148.65	0.980906
148.8	0.984975
148.95	0.989944
149.1	0.995826
149.25	1.00262
149.4	1.01036
149.5	1.01604
149.65	1.01648
149.8	1.01682
149.95	1.01711
150	1.0172
150.15	1.00945
150.3	1.00239
150.45	0.996023
150.6	0.990355
150.75	0.985371
150.9	0.981051
151	0.978537
151.15	0.978063
151.3	0.977678
151.45	0.977345
151.5	0.977238
151.65	0.980393
151.8	0.984444
151.95	0.989396
152.1	0.99526
152.25	1.00204
152.4	1.00977
152.5	1.01544
152.65	1.01588
152.8	1.01622
152.95	1.01651
153	1.0166
153.15	1.00887
153.3	1.00182
153.45	0.995477
153.6	0.989826
153.75	0.98486
153.9	0.980558
154	0.978056
154.15	0.977583
154.3	0.977197
154.45	0.976864
154.5	0.976758
154.65	0.979895
154.8	0.983929
154.95	0.988863
155.1	0.994711
155.25	1.00148
155.4	1.00919
155.5	1.01485
155.65	1.01529
155.8	1.01564
155.95	1.01592
156	1.01601
156.15	1.0083
156.3	1.00127
156.45	0.994946
156.6	0.989313
156.75	0.984365
156.9	0.98008
157	0.97759
157.15	0.977116
157.3	0.976731
157.45	0.976398
157.5	0.976292
157.65	0.979411
157.8	0.983428
157.95	0.988345
158.1	0.994178
158.25	1.00093
158.4	1.00862
158.5	1.01427
158.65	1.01472
158.8	1.01507
158.95	1.01536
159	1.01545
159.15	1.00775
159.3	1.00074
159.45	0.994431
159.6	0.988815
159.75	0.983884
159.9	0.979616
160	0.977137
160.15	0.976664
160.3	0.976278
160.45	0.975946
160.5	0.97584
160.65	0.978942
160.8	0.982942
160.95	0.987843
161.1	0.993661
161.25	1.0004
161.4	1.00808
161.5	1.01372
161.65	1.01417
161.8	1.01452
161.95	1.01481
162	1.0149
162.15	1.00722
162.3	1.00023
162.45	0.993931
162.6	0.988331
162.75	0.983417
162.9	0.979166
163	0.976698
163.15	0.976224
163.3	0.975839
163.45	0.975507
163.5	0.975401
163.65	0.978487
163.8	0.982471
163.95	0.987356
164.1	0.993158
164.25	0.999878
164.4	1.00755
164.5	1.01318
164.65	1.01363
164.8	1.01398
164.95	1.01428
165	1.01437
165.15	1.0067
165.3	0.999726
165.45	0.993445
165.6	0.987862
165.75	0.982964
165.9	0.978729
166	0.976271
166.15	0.975798
166.3	0.975413
166.45	0.97508
166.5	0.974975
166.65	0.978045
166.8	0.982013
166.95	0.986883
167.1	0.992671
167.15	0.994791
167.22	0.99794
167.306	1.0021
167.405	1.00726
167.5	1.01263
167.617	1.013
167.741	1.01332
167.87	1.01359
168	1.01383
168.137	1.00685
168.276	1.0003
168.417	0.994276
168.56	0.988805
168.705	0.983917
168.85	0.979621
168.997	0.975915
169	0.975845
169.148	0.975377
169.296	0.974996
169.445	0.974666
169.5	0.974549
169.649	0.977582
169.798	0.981508
169.948	0.986333
170.097	0.992073
170.154	0.994489
170.23	0.997907
170.32	1.00232
170.423	1.00773
170.5	1.01211
170.62	1.01249
170.745	1.01281
170.876	1.01309
171	1.01332
171.138	1.00631
171.278	0.999747
171.42	0.993716
171.563	0.988252
171.708	0.983378
171.854	0.979102
172	0.975436
172.147	0.974969
172.295	0.974589
172.444	0.97426
172.5	0.974141
172.649	0.977156
172.798	0.981064
172.947	0.985869
173.097	0.991591
173.161	0.994312
173.234	0.99763
173.323	1.00195
173.423	1.00728
173.5	1.01161
173.619	1.012
173.743	1.01231
173.873	1.01259
174	1.01283
174.137	1.00585
174.277	0.999318
174.419	0.993307
174.562	0.98786
174.707	0.983001
174.852	0.978737
174.999	0.975065
175	0.975044
175.148	0.974577
175.296	0.974196
175.445	0.973867
175.5	0.973751
175.649	0.976756
175.798	0.980655
175.948	0.985453
176.097	0.991169
176.162	0.993887
176.24	0.997474
176.334	1.00205
176.438	1.00762
176.5	1.01114
176.621	1.01153
176.748	1.01185
176.879	1.01213
177	1.01236
177.138	1.00534
177.279	0.998795
177.421	0.99278
177.565	0.987339
177.71	0.982494
177.856	0.978249
178	0.974667
178.148	0.974201
178.296	0.973821
178.444	0.973492
178.5	0.973374
178.649	0.976363
178.798	0.980244
178.947	0.985024
179.097	0.990722
179.161	0.993433
179.242	0.997122
179.337	1.00179
179.443	1.00746
179.5	1.01068
179.622	1.01107
179.749	1.0114
179.881	1.01168
180	1.01191
180.138	1.00488
180.279	0.998333
180.422	0.992324
180.566	0.986894
180.711	0.982062
180.857	0.977833
181	0.974303
181.148	0.973837
181.296	0.973457
181.444	0.973128
181.5	0.973011
181.649	0.975987
181.798	0.979855
181.948	0.984624
182.097	0.99031
182.168	0.993329
182.253	0.997205
182.351	1.00206
182.459	1.00791
182.5	1.01023
182.623	1.01063
182.752	1.01096
182.885	1.01125
183	1.01147
183.139	1.00442
183.28	0.99787
183.423	0.991863
183.568	0.986441
183.713	0.981622
183.86	0.97741
184	0.973951
184.148	0.973485
184.296	0.973105
184.444	0.972776
184.5	0.972659
184.649	0.975623
184.798	0.97948
184.948	0.984238
185.097	0.989913
185.168	0.992928
185.255	0.996901
185.355	1.00185
185.465	1.00779
185.5	1.0098
185.624	1.0102
185.754	1.01053
185.887	1.01082
186	1.01104
186.139	1.00399
186.281	0.997438
186.424	0.991436
186.569	0.986024
186.714	0.981219
186.861	0.977021
187	0.97361
187.148	0.973144
187.296	0.972763
187.445	0.972435
187.5	0.972318
187.649	0.97527
187.798	0.979116
187.948	0.983862
188.097	0.989526
188.176	0.99285
188.268	0.997117
188.373	1.00235
188.486	1.00857
188.5	1.00938
188.627	1.00979
188.758	1.01013
188.893	1.01042
189	1.01063
189.14	1.00354
189.283	0.996973
189.427	0.990966
189.572	0.985559
189.718	0.980766
189.865	0.976586
190	0.973282
190.148	0.972814
190.296	0.972434
190.445	0.972105
190.5	0.97199
190.649	0.974931
190.799	0.978766
190.948	0.983503
191.098	0.989159
191.176	0.992478
191.267	0.996645
191.369	1.00178
191.481	1.00791
191.5	1.00898
191.626	1.00939
191.756	1.00972
191.891	1.01001
192	1.01022
192.14	1.00317
192.282	0.996619
192.426	0.990629
192.571	0.985237
192.717	0.980456
192.863	0.976286
193	0.97296
193.148	0.972493
193.296	0.972113
193.445	0.971784
193.5	0.971668
193.649	0.974597
193.798	0.97842
193.948	0.983143
194.097	0.988787
194.176	0.9921
194.269	0.996354
194.373	1.00158
194.486	1.00778
194.5	1.00858
194.627	1.00899
194.758	1.00933
194.893	1.00963
195	1.00983
195.14	1.00277
195.283	0.996224
195.427	0.99024
195.572	0.984857
195.718	0.980088
195.865	0.975932
196	0.972649
196.148	0.972181
196.296	0.971801
196.445	0.971472
196.5	0.971357
196.649	0.974275
196.799	0.978086
196.948	0.982799
197.098	0.988433
197.183	0.992055
197.281	0.996608
197.39	1.00212
197.5	1.0082
197.624	1.00861
197.752	1.00894
197.886	1.00923
198	1.00946
198.139	1.00246
198.281	0.995964
198.424	0.990012
198.568	0.984648
198.714	0.97989
198.86	0.975738
199	0.972348
199.148	0.971881
199.296	0.971501
199.444	0.971172
199.5	0.971056
199.649	0.97396
199.798	0.977757
199.948	0.982455
200.097	0.988074
200.183	0.991689
200.271	0.995762
200.372	1.00081
200.483	1.00685
200.5	1.00782
200.625	1.00823
200.755	1.00857
200.889	1.00887
201	1.00908
201.14	1.00208
201.281	0.995572
201.425	0.989621
201.57	0.984265
201.715	0.979518
201.862	0.97538
202	0.972052
202.148	0.971585
202.296	0.971204
202.445	0.970876
202.5	0.97076
202.649	0.973654
202.798	0.977441
202.948	0.98213
203.097	0.98774
203.183	0.991351
203.281	0.995889
203.39	1.00139
203.5	1.00746
203.624	1.00787
203.752	1.00821
203.886	1.0085
204	1.00873
204.139	1.00176
204.281	0.995277
204.424	0.989346
204.568	0.984004
204.714	0.979267
204.86	0.975137
205	0.971767
205.148	0.971301
205.296	0.97092
205.444	0.970592
205.5	0.970476
205.649	0.973358
205.798	0.977133
205.948	0.98181
206.097	0.987408
206.19	0.991327
206.294	0.996166
206.407	1.00196
206.5	1.00711
206.626	1.00753
206.758	1.00787
206.893	1.00817
207	1.00838
207.14	1.00136
207.283	0.994855
207.427	0.988913
207.572	0.983573
207.718	0.978847
207.864	0.974735
208	0.97149
208.148	0.971023
208.296	0.970643
208.445	0.970314
208.5	0.970199
208.649	0.973073
208.799	0.976841
208.948	0.981511
209.098	0.987102
209.19	0.991018
209.289	0.995589
209.398	1.00112
209.5	1.00677
209.624	1.00718
209.753	1.00752
209.886	1.00782
210	1.00804
210.139	1.00109
210.281	0.994625
210.424	0.988712
210.568	0.98339
210.714	0.978674
210.86	0.974565
211	0.971221
211.148	0.970754
211.296	0.970374
211.444	0.970046
211.5	0.96993
211.649	0.972791
211.798	0.976546
211.948	0.981203
212.097	0.986781
212.19	0.990689
212.292	0.995439
212.404	1.00115
212.5	1.00644
212.626	1.00685
212.756	1.0072
212.891	1.0075
213	1.00771
213.14	1.00073
213.282	0.994252
213.426	0.988335
213.571	0.983017
213.717	0.978311
213.863	0.974216
214	0.970959
214.148	0.970492
214.296	0.970112
214.445	0.969783
214.5	0.969668
214.649	0.972521
214.798	0.976268
214.948	0.980917
215.097	0.986489
215.19	0.990393
215.294	0.995215
215.408	1.00099
215.5	1.00611
215.627	1.00653
215.758	1.00688
215.893	1.00718
216	1.00739
216.14	1.0004
216.283	0.993925
216.427	0.988011
216.572	0.982701
216.718	0.978005
216.865	0.973921
217	0.970705
217.148	0.970237
217.296	0.969857
217.445	0.969529
217.5	0.969414
217.649	0.972258
217.799	0.975996
217.948	0.980637
218.098	0.986201
218.19	0.9901
218.294	0.994916
218.408	1.00069
218.5	1.0058
218.627	1.00622
218.758	1.00657
218.893	1.00687
219	1.00708
219.14	1.0001
219.283	0.993632
219.427	0.987727
219.572	0.982426
219.718	0.97774
219.865	0.973666
220	0.970458
220.148	0.96999
220.296	0.96961
220.445	0.969282
220.5	0.969167
220.649	0.972002
220.799	0.975731
220.948	0.980363
221.098	0.985917
221.197	0.990128
221.3	0.994877
221.411	1.00059
221.5	1.0055
221.626	1.00591
221.756	1.00626
221.89	1.00656
222	1.00678
222.14	0.999826
222.282	0.993379
222.426	0.98749
222.57	0.982201
222.716	0.977523
222.863	0.973456
223	0.970218
223.148	0.969751
223.296	0.969371
223.445	0.969043
223.5	0.968928
223.649	0.971753
223.798	0.975471
223.948	0.980093
224.097	0.985638
224.197	0.989842
224.307	0.994957
224.425	1.00103
224.5	1.0052
224.629	1.00563
224.763	1.00598
224.9	1.00629
225	1.00649
225.142	0.999466
225.285	0.99298
225.429	0.987072
225.575	0.981781
225.722	0.977113
225.869	0.973064
226	0.969986
226.148	0.969518
226.297	0.969137
226.446	0.96881
226.5	0.968696
226.649	0.971515
226.799	0.975229
226.948	0.979846
227.098	0.985388
227.198	0.98959
227.308	0.994703
227.425	1.00077
227.5	1.00491
227.629	1.00534
227.763	1.0057
227.9	1.006
228	1.0062
228.142	0.99919
228.285	0.992712
228.429	0.986812
228.575	0.98153
228.722	0.97687
228.869	0.972831
229	0.96976
229.148	0.969292
229.297	0.968912
229.446	0.968584
229.5	0.96847
229.649	0.971281
229.799	0.974986
229.948	0.979595
230.098	0.985128
230.205	0.989643
230.314	0.994743
230.431	1.0008
230.5	1.00464
230.629	1.00507
230.762	1.00542
230.899	1.00573
231	1.00593
231.141	0.998931
231.285	0.992466
231.429	0.986577
231.575	0.981304
231.721	0.976653
231.868	0.97262
232	0.969541
232.148	0.969073
232.297	0.968693
232.446	0.968365
232.5	0.968252
232.649	0.971053
232.799	0.97475
232.948	0.97935
233.098	0.984875
233.205	0.989384
233.319	0.994742
233.441	1.00105
233.5	1.00437
233.632	1.0048
233.767	1.00516
233.905	1.00547
234	1.00566
234.143	0.998618
234.287	0.992127
234.432	0.986228
234.578	0.980956
234.725	0.976314
234.872	0.972296
235	0.969329
235.148	0.968861
235.297	0.96848
235.446	0.968152
235.5	0.96804
235.649	0.970835
235.799	0.974526
235.948	0.979122
236.098	0.984643
236.205	0.989148
236.319	0.994504
236.441	1.00081
236.5	1.0041
236.632	1.00454
236.767	1.0049
236.906	1.00521
237	1.0054
237.143	0.998365
237.287	0.991882
237.432	0.985991
237.578	0.980726
237.725	0.976092
237.872	0.972083
238	0.969123
238.148	0.968654
238.297	0.968274
238.446	0.967946
238.5	0.967833
238.649	0.970621
238.799	0.974304
238.948	0.978892
239.098	0.984405
239.205	0.988906
239.321	0.994315
239.443	1.00068
239.5	1.00385
239.632	1.00429
239.768	1.00465
239.907	1.00496
240	1.00515
240.143	0.998109
240.287	0.991625
240.432	0.985737
240.579	0.980479
240.726	0.975853
240.873	0.971853
241	0.968922
241.148	0.968454
241.297	0.968073
241.446	0.967745
241.5	0.967633
241.649	0.970414
241.799	0.97409
241.948	0.978671
242.098	0.984177
242.205	0.988674
242.32	0.99402
242.441	1.00032
242.5	1.0036
242.632	1.00404
242.767	1.0044
242.906	1.00471
243	1.0049
243.143	0.997882
243.287	0.991413
243.432	0.985537
243.578	0.980287
243.725	0.975669
243.872	0.971674
244	0.968727
244.148	0.968259
244.297	0.967878
244.446	0.967551
244.5	0.967438
244.649	0.970211
244.799	0.973879
244.948	0.978452
245.098	0.983951
245.212	0.98876
245.321	0.99388
245.439	0.999958
245.5	1.00336
245.629	1.00379
245.762	1.00415
245.899	1.00446
246	1.00467
246.141	0.997702
246.285	0.991273
246.429	0.985421
246.575	0.980186
246.721	0.975573
246.868	0.971579
247	0.968538
247.148	0.96807
247.297	0.96769
247.446	0.967363
247.5	0.967249
247.649	0.970013
247.799	0.973671
247.948	0.978234
248.098	0.983722
248.212	0.988524
248.332	0.994185
248.458	1.0008
248.5	1.00313
248.635	1.00358
248.773	1.00394
248.913	1.00426
249	1.00444
249.144	0.99737
249.289	0.990877
249.435	0.984995
249.582	0.979753
249.729	0.975149
249.877	0.971177
250	0.968356
250.149	0.967887
250.298	0.967506
250.447	0.967178
250.5	0.967067
250.649	0.969828
250.799	0.973485
250.949	0.978047
251.098	0.983536
251.205	0.988021
251.321	0.993412
251.443	0.999757
251.5	1.0029
251.632	1.00334
251.768	1.00371
251.907	1.00402
252	1.00421
252.143	0.997197
252.287	0.990741
252.432	0.984881
252.579	0.979652
252.726	0.975054
252.873	0.971083
253	0.968177
253.148	0.967709
253.297	0.967328
253.446	0.967001
253.5	0.966889
253.649	0.969641
253.799	0.973288
253.948	0.977841
254.098	0.983321
254.212	0.988116
254.334	0.99382
254.461	1.00048
254.5	1.00268
254.635	1.00313
254.774	1.0035
254.914	1.00382
255	1.00399
255.144	0.996931
255.289	0.990445
255.435	0.984573
255.582	0.979343
255.73	0.974753
255.878	0.970796
256	0.968005
256.149	0.967536
256.298	0.967155
256.447	0.966828
256.5	0.966717
256.649	0.969464
256.799	0.973108
256.949	0.977658
257.098	0.983135
257.213	0.987929
257.334	0.99363
257.461	1.00029
257.5	1.00247
257.635	1.00292
257.774	1.00329
257.914	1.00361
258	1.00378
258.144	0.996725
258.289	0.990246
258.435	0.98438
258.582	0.979156
258.73	0.974573
258.878	0.970623
259	0.967838
259.149	0.967369
259.298	0.966988
259.447	0.96666
259.5	0.966549
259.649	0.969291
259.799	0.972928
259.949	0.977472
260.098	0.982942
260.213	0.987732
260.334	0.993428
260.461	1.00008
260.5	1.00226
260.635	1.00272
260.774	1.00308
260.914	1.0034
261	1.00358
261.144	0.996526
261.289	0.990053
261.435	0.984193
261.582	0.978976
261.73	0.974399
261.878	0.970455
262	0.967675
262.149	0.967206
262.298	0.966825
262.447	0.966497
262.5	0.966387
262.649	0.969121
262.799	0.972753
262.949	0.97729
263.098	0.982754
263.22	0.987858
263.346	0.993835
263.477	1.00077
263.5	1.00206
263.638	1.00252
263.778	1.0029
263.92	1.00322
264	1.00338
264.145	0.996286
264.291	0.989788
264.438	0.983918
264.585	0.978701
264.733	0.974131
264.882	0.9702
265	0.967519
265.149	0.967049
265.298	0.966668
265.447	0.96634
265.5	0.96623
265.65	0.968961
265.799	0.972589
265.949	0.977123
266.099	0.982584
266.22	0.987686
266.346	0.993661
266.477	1.00059
266.5	1.00187
266.638	1.00233
266.778	1.0027
266.92	1.00302
267	1.00319
267.145	0.996099
267.291	0.989607
267.438	0.983742
267.585	0.978531
267.733	0.973967
267.882	0.970042
268	0.967366
268.149	0.966896
268.298	0.966515
268.447	0.966187
268.5	0.966077
268.65	0.968802
268.799	0.972424
268.949	0.976952
269.099	0.982408
269.22	0.987506
269.346	0.993476
269.477	1.0004
269.5	1.00168
269.638	1.00214
269.778	1.00251
269.92	1.00283
270	1.003
270.145	0.995916
270.291	0.98943
270.438	0.983571
270.585	0.978365
270.733	0.973808
270.882	0.969888
271	0.967217
271.149	0.966747
271.298	0.966366
271.447	0.966038
271.5	0.965928
271.65	0.968647
271.799	0.972263
271.949	0.976786
272.099	0.982236
272.22	0.98733
272.347	0.993335
272.479	1.0003
272.5	1.00149
272.638	1.00196
272.779	1.00233
272.921	1.00265
273	1.00282
273.145	0.995731
273.291	0.989245
273.438	0.98339
273.586	0.978188
273.734	0.973637
273.882	0.969723
274	0.967072
274.149	0.966602
274.298	0.966221
274.448	0.965893
274.5	0.965783
274.65	0.968497
274.799	0.972108
274.949	0.976625
275.099	0.982071
275.22	0.987161
275.347	0.993162
275.479	1.00012
275.5	1.00131
275.638	1.00178
275.779	1.00215
275.921	1.00248
276	1.00264
276.145	0.995558
276.291	0.989078
276.438	0.983228
276.586	0.978032
276.734	0.973486
276.882	0.969578
277	0.966931
277.149	0.966461
277.298	0.96608
277.448	0.965752
277.5	0.965642
277.65	0.96835
277.799	0.971956
277.949	0.976468
278.099	0.981908
278.227	0.987314
278.36	0.99364
278.496	1.00093
278.5	1.00114
278.641	1.00162
278.784	1.002
278.928	1.00232
279	1.00247
279.146	0.995338
279.293	0.988827
279.441	0.982964
279.589	0.977766
279.738	0.973227
279.887	0.969333
280	0.966796
280.149	0.966326
280.299	0.965944
280.448	0.965616
280.5	0.965508
280.65	0.968213
280.799	0.971816
280.949	0.976326
281.099	0.981765
281.22	0.98685
281.347	0.992846
281.479	0.9998
281.5	1.00097
281.638	1.00144
281.779	1.00181
281.921	1.00214
282	1.0023
282.145	0.995229
282.291	0.988758
282.438	0.982919
282.586	0.977733
282.734	0.973198
282.882	0.9693
283	0.966662
283.149	0.966192
283.298	0.965811
283.448	0.965483
283.5	0.965374
283.65	0.968071
283.799	0.971666
283.949	0.976168
284.099	0.981598
284.227	0.986996
284.357	0.993148
284.49	1.00026
284.5	1.00081
284.639	1.00128
284.781	1.00166
284.924	1.00198
285	1.00214
285.146	0.995048
285.292	0.988567
285.44	0.982725
285.587	0.977541
285.736	0.973012
285.884	0.969123
286	0.966533
286.149	0.966063
286.298	0.965682
286.448	0.965354
286.5	0.965245
286.65	0.967939
286.799	0.97153
286.949	0.976028
287.099	0.981455
287.227	0.98685
287.36	0.993135
287.495	1.00038
287.5	1.00065
287.641	1.00112
287.784	1.0015
287.928	1.00183
288	1.00198
288.146	0.994869
288.293	0.988377
288.441	0.98253
288.589	0.977349
288.737	0.972825
288.886	0.968945
289	0.966409
289.149	0.965938
289.299	0.965557
289.448	0.965229
289.5	0.965121
289.65	0.967811
289.799	0.971398
289.949	0.975893
290.099	0.981317
290.228	0.98671
290.36	0.993023
290.496	1.0003
290.5	1.00049
290.641	1.00097
290.784	1.00135
290.928	1.00168
291	1.00183
291.146	0.994715
291.293	0.988223
291.441	0.982379
291.589	0.977202
291.738	0.972683
291.887	0.968808
292	0.966288
292.149	0.965817
292.299	0.965436
292.448	0.965108
292.5	0.965
292.65	0.967685
292.799	0.971268
292.949	0.975758
293.099	0.981178
293.228	0.986568
293.36	0.992877
293.497	1.00015
293.5	1.00034
293.641	1.00082
293.784	1.0012
293.928	1.00153
294	1.00168
294.146	0.99457
294.293	0.988083
294.441	0.982244
294.589	0.977071
294.738	0.972557
294.887	0.968687
295	0.966169
295.149	0.965699
295.299	0.965317
295.448	0.96499
295.5	0.964881
295.65	0.967562
295.799	0.97114
295.949	0.975626
296.099	0.981042
296.228	0.986428
296.36	0.992734
296.497	1
296.5	1.0002
296.641	1.00067
296.784	1.00105
296.928	1.00138
297	1.00153
297.146	0.994429
297.293	0.987946
297.441	0.982112
297.589	0.976943
297.738	0.972433
297.887	0.968568
298	0.966054
298.149	0.965583
298.299	0.965202
298.448	0.964874
298.5	0.964766
298.65	0.967442
298.799	0.971016
298.949	0.975498
299.099	0.980909
299.235	0.986613
299.373	0.993247
299.5	1.00005
299.643	1.00054
299.787	1.00092
299.932	1.00125
300	1.00139
300.147	0.994265
300.295	0.987769
300.443	0.981929
300.591	0.976762
300.74	0.972258
300.889	0.968401
301	0.965943
301.149	0.965472
301.299	0.96509
301.448	0.964762
301.5	0.964655
301.65	0.967328
301.8	0.970899
301.949	0.975378
302.099	0.980786
302.228	0.986167
302.361	0.992468
302.497	0.99973
302.5	0.999914
302.641	1.00039
302.784	1.00077
302.928	1.0011
303	1.00125
303.146	0.994159
303.293	0.987684
303.441	0.981858
303.589	0.976698
303.738	0.972197
303.887	0.968341
304	0.965834
304.149	0.965363
304.299	0.964982
304.448	0.964654
304.5	0.964546
304.65	0.967213
304.799	0.970779
304.949	0.975252
305.099	0.980655
305.228	0.986031
305.36	0.992327
305.497	0.999584
305.5	0.999779
305.641	1.00026
305.784	1.00064
305.928	1.00097
306	1.00112
306.146	0.994029
306.293	0.987559
306.441	0.981737
306.589	0.976581
306.738	0.972085
306.887	0.968232
307	0.965728
307.149	0.965257
307.299	0.964876
307.448	0.964548
307.5	0.96444
307.65	0.967103
307.799	0.970665
307.949	0.975134
308.099	0.980533
308.235	0.986227
308.373	0.992831
308.5	0.999649
308.642	1.00013
308.786	1.00052
308.931	1.00085
309	1.00099
309.147	0.993881
309.294	0.987401
309.442	0.981575
309.591	0.976421
309.74	0.971929
309.888	0.968084
310	0.965626
310.149	0.965155
310.299	0.964773
310.448	0.964446
310.5	0.964338
310.65	0.966998
310.8	0.970557
310.949	0.975023
311.099	0.98042
311.235	0.986112
311.373	0.992714
311.5	0.999522
311.642	1
311.786	1.00039
311.931	1.00072
312	1.00087
312.147	0.993759
312.294	0.987282
312.442	0.981461
312.591	0.976311
312.74	0.971823
312.888	0.967981
313	0.965526
313.149	0.965055
313.299	0.964674
313.448	0.964346
313.5	0.964239
313.65	0.966895
313.8	0.97045
313.949	0.974913
314.099	0.980306
314.235	0.985994
314.372	0.992544
314.5	0.999398
314.642	0.999879
314.785	1.00027
314.93	1.00059
315	1.00074
315.147	0.993653
315.294	0.987187
315.442	0.981373
315.59	0.976228
315.739	0.971743
315.888	0.967904
316	0.96543
316.149	0.964959
316.299	0.964578
316.448	0.96425
316.5	0.964142
316.65	0.966794
316.799	0.970345
316.949	0.974803
317.099	0.980192
317.235	0.985877
317.373	0.992492
317.5	0.999278
317.643	0.999762
317.787	1.00015
317.932	1.00048
318	1.00062
318.147	0.993521
318.295	0.987049
318.443	0.981233
318.591	0.97609
318.74	0.971609
318.889	0.967776
319	0.965336
319.149	0.964865
319.299	0.964483
319.448	0.964156
319.5	0.964049
319.65	0.966698
319.8	0.970245
319.949	0.974701
320.099	0.980087
320.235	0.98577
320.373	0.992384
320.5	0.999162
320.643	0.999646
320.787	1.00003
320.932	1.00036
321	1.00051
321.147	0.993409
321.295	0.98694
321.443	0.981128
321.591	0.975988
321.74	0.971512
321.889	0.967682
322	0.965244
322.149	0.964773
322.299	0.964392
322.448	0.964065
322.5	0.963957
322.65	0.966603
322.8	0.970147
322.949	0.974599
323.099	0.979982
323.235	0.985662
323.373	0.992273
323.5	0.999049
323.643	0.999533
323.787	0.999921
323.932	1.00025
324	1.0004
324.147	0.993301
324.295	0.986835
324.443	0.981027
324.591	0.97589
324.74	0.971417
324.889	0.967591
325	0.965156
325.149	0.964685
325.299	0.964304
325.448	0.963976
325.5	0.963869
325.65	0.966511
325.8	0.970052
325.949	0.974501
326.099	0.97988
326.242	0.98588
326.386	0.992824
326.5	0.99894
326.646	0.999434
326.793	0.999828
326.941	1.00016
327	1.00029
327.148	0.993125
327.297	0.98662
327.446	0.980792
327.596	0.975651
327.745	0.971184
327.894	0.967372
328	0.965069
328.15	0.964598
328.299	0.964216
328.449	0.963889
328.5	0.963783
328.65	0.966425
328.8	0.969965
328.95	0.974415
329.1	0.979796
329.242	0.985797
329.387	0.992743
329.5	0.998833
329.646	0.999328
329.793	0.999722
329.941	1.00006
330	1.00018
330.148	0.993023
330.297	0.98652
330.446	0.980695
330.596	0.975558
330.745	0.971094
330.894	0.967285
331	0.964986
331.15	0.964514
331.299	0.964133
331.449	0.963805
331.5	0.963699
331.65	0.966338
331.8	0.969875
331.95	0.974322
332.1	0.9797
332.235	0.985376
332.374	0.991983
332.5	0.998728
332.643	0.999214
332.787	0.999603
332.932	0.999936
333	1.00008
333.147	0.992993
333.295	0.986537
333.443	0.980738
333.591	0.975612
333.74	0.971148
333.889	0.967332
334	0.964905
334.149	0.964434
334.299	0.964053
334.448	0.963726
334.5	0.963619
334.65	0.966251
334.8	0.969782
334.949	0.974221
335.099	0.979592
335.235	0.985261
335.373	0.991862
335.5	0.998628
335.643	0.999114
335.787	0.999503
335.932	0.999836
336	0.999981
336.147	0.992898
336.295	0.986445
336.443	0.980649
336.591	0.975526
336.74	0.971066
336.889	0.967252
337	0.964827
337.149	0.964356
337.299	0.963975
337.448	0.963648
337.5	0.96354
337.65	0.96617
337.8	0.969698
337.949	0.974134
338.099	0.979502
338.242	0.98549
338.386	0.992413
338.5	0.998531
338.646	0.999027
338.793	0.999422
338.941	0.999758
339	0.999885
339.148	0.992737
339.297	0.986245
339.446	0.980431
339.595	0.975303
339.745	0.970849
339.894	0.967048
340	0.96475
340.15	0.964279
340.299	0.963897
340.449	0.96357
340.5	0.963464
340.65	0.966093
340.8	0.969621
340.95	0.974059
341.1	0.979428
341.242	0.985419
341.386	0.992344
341.5	0.998437
341.646	0.998933
341.793	0.999328
341.941	0.999664
342	0.999791
342.148	0.992646
342.297	0.986157
342.446	0.980345
342.595	0.97522
342.745	0.970768
342.894	0.966971
343	0.964676
343.15	0.964205
343.299	0.963823
343.449	0.963496
343.5	0.96339
343.65	0.966016
343.8	0.969542
343.95	0.973976
344.1	0.979343
344.242	0.985331
344.386	0.992254
344.5	0.998345
344.646	0.998841
344.793	0.999237
344.941	0.999573
345	0.9997
345.148	0.992558
345.297	0.986071
345.446	0.980263
345.595	0.97514
345.745	0.970692
345.894	0.966897
346	0.964604
346.15	0.964133
346.299	0.963751
346.449	0.963424
346.5	0.963318
346.65	0.965942
346.8	0.969464
346.95	0.973896
347.1	0.97926
347.235	0.984924
347.374	0.991519
347.5	0.998255
347.643	0.998742
347.787	0.999133
347.932	0.999467
348	0.999612
348.147	0.99254
348.295	0.986098
348.443	0.980313
348.591	0.975202
348.74	0.970753
348.889	0.966951
349	0.964535
349.149	0.964064
349.299	0.963683
349.448	0.963356
349.5	0.963249
349.65	0.965867
349.8	0.969384
349.949	0.973809
350.099	0.979166
350.242	0.985145
350.386	0.992069
350.5	0.998169
350.646	0.998667
350.793	0.999063
350.941	0.9994
351	0.999527
351.148	0.992388
351.297	0.985906
351.446	0.980102
351.596	0.974985
351.745	0.970541
351.894	0.966753
352	0.964467
352.15	0.963996
352.299	0.963614
352.449	0.963287
352.5	0.963181
352.65	0.9658
352.8	0.969317
352.95	0.973744
353.1	0.979102
353.242	0.985084
353.387	0.99201
353.5	0.998085
353.646	0.998583
353.793	0.99898
353.941	0.999317
354	0.999443
354.148	0.992307
354.297	0.985827
354.446	0.980025
354.596	0.974911
354.745	0.97047
354.894	0.966684
355	0.964401
355.15	0.96393
355.299	0.963549
355.449	0.963221
355.5	0.963116
355.65	0.965731
355.8	0.969246
355.95	0.973671
356.1	0.979027
356.242	0.985006
356.387	0.99193
356.5	0.998004
356.646	0.998502
356.793	0.998899
356.941	0.999236
357	0.999363
357.148	0.992229
357.297	0.985751
357.446	0.979952
357.596	0.97484
357.745	0.970402
357.894	0.966619
358	0.964338
358.15	0.963866
358.299	0.963485
358.449	0.963158
358.5	0.963052
358.65	0.965665
358.8	0.969178
358.95	0.9736
359.1	0.978954
359.242	0.984931
359.387	0.991853
359.5	0.997925
359.646	0.998423
359.793	0.99882
359.941	0.999158
360	0.999285
360.148	0.992153
360.297	0.985678
360.446	0.979881
360.596	0.974772
360.745	0.970336
360.894	0.966555
361	0.964276
361.15	0.963804
361.299	0.963423
361.449	0.963096
361.5	0.96299
361.65	0.965601
361.8	0.969111
361.95	0.973531
362.1	0.978882
362.242	0.984857
362.387	0.991778
362.5	0.997848
362.646	0.998347
362.793	0.998744
362.941	0.999082
363	0.999209
363.148	0.992079
363.297	0.985607
363.446	0.979813
363.596	0.974706
363.745	0.970272
363.894	0.966494
364	0.964216
364.15	0.963745
364.299	0.963363
364.449	0.963036
364.5	0.96293
364.65	0.965539
364.8	0.969047
364.95	0.973464
365.1	0.978813
365.25	0.985109
365.4	0.992368
365.5	0.997775
365.65	0.998284
365.8	0.998686
365.95	0.999027
366	0.999135
366.15	0.991939
366.3	0.985426
366.45	0.979611
366.6	0.974499
366.75	0.970072
366.9	0.966306
367	0.964158
367.15	0.963685
367.3	0.963304
367.45	0.962976
367.5	0.962872
367.65	0.965481
367.8	0.96899
367.95	0.973409
368.1	0.978761
368.25	0.98506
368.4	0.992322
368.5	0.997703
368.65	0.998212
368.8	0.998614
368.95	0.998956
369	0.999063
369.15	0.991869
369.3	0.985358
369.45	0.979546
369.6	0.974436
369.75	0.97001
369.9	0.966247
370	0.964101
370.15	0.963629
370.3	0.963247
370.45	0.96292
370.5	0.962816
370.65	0.965423
370.8	0.968929
370.95	0.973346
371.1	0.978696
371.25	0.984993
371.4	0.992253
371.5	0.997632
371.65	0.998142
371.8	0.998545
371.95	0.998886
372	0.998994
372.15	0.991802
372.3	0.985293
372.45	0.979483
372.6	0.974375
372.75	0.969952
372.9	0.96619
373	0.964046
373.15	0.963574
373.3	0.963192
373.45	0.962865
373.5	0.962761
373.65	0.965366
373.8	0.96887
373.95	0.973285
374.1	0.978633
374.243	0.984605
374.387	0.991522
374.5	0.997563
374.646	0.998063
374.793	0.998461
374.941	0.998799
375	0.998927
375.148	0.991806
375.297	0.985341
375.446	0.979556
375.596	0.974458
375.745	0.970034
375.894	0.966264
376	0.963993
376.15	0.963522
376.299	0.96314
376.449	0.962813
376.5	0.962708
376.65	0.965308
376.8	0.968807
376.95	0.973215
377.1	0.978556
377.25	0.984845
377.4	0.992096
377.5	0.997498
377.65	0.998008
377.8	0.998411
377.95	0.998753
378	0.998861
378.15	0.991674
378.3	0.985169
378.45	0.979364
378.6	0.97426
378.75	0.969841
378.9	0.966084
379	0.963941
379.15	0.963469
379.3	0.963087
379.45	0.96276
379.5	0.962656
379.65	0.965257
379.8	0.968757
379.95	0.973168
380.1	0.978512
380.243	0.98448
380.387	0.991394
380.5	0.997432
380.646	0.997933
380.793	0.998331
380.941	0.99867
381	0.998798
381.148	0.991681
381.297	0.98522
381.446	0.979439
381.596	0.974345
381.745	0.969925
381.894	0.966159
382	0.963891
382.15	0.96342
382.299	0.963039
382.449	0.962712
382.5	0.962606
382.65	0.965202
382.8	0.968697
382.95	0.973102
383.1	0.978439
383.25	0.984724
383.4	0.991972
383.5	0.997372
383.65	0.997882
383.8	0.998286
383.95	0.998628
384	0.998736
384.15	0.991552
384.3	0.985052
384.45	0.97925
384.6	0.974151
384.75	0.969736
384.9	0.965982
385	0.963842
385.15	0.96337
385.3	0.962989
385.45	0.962661
385.5	0.962558
385.65	0.965154
385.8	0.968651
385.95	0.973058
386.1	0.978398
386.25	0.984686
386.4	0.991937
386.5	0.997311
386.65	0.997822
386.8	0.998226
386.95	0.998568
387	0.998676
387.15	0.991494
387.3	0.984995
387.45	0.979195
387.6	0.974098
387.75	0.969684
387.9	0.965933
388	0.963795
388.15	0.963323
388.3	0.962941
388.45	0.962614
388.5	0.96251
388.65	0.965105
388.8	0.9686
388.95	0.973005
389.1	0.978344
389.25	0.98463
389.4	0.991879
389.5	0.997253
389.65	0.997763
389.8	0.998167
389.95	0.99851
390	0.998618
390.15	0.991438
390.3	0.984941
390.45	0.979143
390.6	0.974047
390.75	0.969635
390.9	0.965886
391	0.963749
391.15	0.963277
391.3	0.962896
391.45	0.962568
391.5	0.962465
391.65	0.965058
391.8	0.968551
391.95	0.972954
392.1	0.978291
392.25	0.984575
392.4	0.991823
392.5	0.997196
392.65	0.997707
392.8	0.998111
392.95	0.998454
393	0.998562
393.15	0.991383
393.3	0.984888
393.45	0.979092
393.6	0.973998
393.75	0.969588
393.9	0.96584
394	0.963705
394.15	0.963233
394.3	0.962851
394.45	0.962524
394.5	0.96242
394.65	0.965011
394.8	0.968503
394.95	0.972905
395.1	0.978239
395.25	0.984523
395.4	0.991769
395.5	0.99714
395.65	0.997651
395.8	0.998056
395.95	0.998399
396	0.998507
396.15	0.99133
396.3	0.984837
396.45	0.979042
396.6	0.97395
396.75	0.969542
396.9	0.965796
397	0.963662
397.15	0.96319
397.3	0.962808
397.45	0.962481
397.5	0.962377
397.65	0.964967
397.8	0.968456
397.95	0.972856
398.1	0.97819
398.243	0.984149
398.387	0.991054
398.5	0.997085
398.646	0.997587
398.793	0.997986
398.941	0.998327
399	0.998454
399.148	0.991348
399.297	0.984898
399.446	0.979128
399.596	0.974045
399.745	0.969635
399.894	0.96588
400	0.96362
400.15	0.963149
400.299	0.962767
400.449	0.962441
400.5	0.962335
400.65	0.96492
400.8	0.968405
400.95	0.972799
401.1	0.978127
401.25	0.984402
401.4	0.991641
401.5	0.997035
401.65	0.997546
401.8	0.997951
401.95	0.998294
402	0.998403
402.15	0.99123
402.3	0.984739
402.45	0.978948
402.6	0.97386
402.75	0.969455
402.9	0.965712
403	0.963579
403.15	0.963107
403.3	0.962726
403.45	0.962398
403.5	0.962295
403.65	0.964881
403.8	0.968367
403.95	0.972764
404.1	0.978095
404.25	0.984373
404.4	0.991615
404.5	0.996984
404.65	0.997496
404.8	0.997901
404.95	0.998244
405	0.998353
405.15	0.991181
405.3	0.984692
405.45	0.978902
405.6	0.973815
405.75	0.969412
405.9	0.965671
406	0.96354
406.15	0.963068
406.3	0.962686
406.45	0.962359
406.5	0.962255
406.65	0.96484
406.8	0.968325
406.95	0.972721
407.1	0.978049
407.25	0.984327
407.4	0.991567
407.5	0.996935
407.65	0.997447
407.8	0.997852
407.95	0.998196
408	0.998304
408.15	0.991134
408.3	0.984646
408.45	0.978858
408.6	0.973773
408.75	0.969371
408.9	0.965631
409	0.963501
409.15	0.963029
409.3	0.962648
409.45	0.962321
409.5	0.962217
409.65	0.9648
409.8	0.968284
409.95	0.972678
410.1	0.978005
410.25	0.984281
410.4	0.991521
410.5	0.996888
410.65	0.9974
410.8	0.997805
410.95	0.998149
411	0.998257
411.15	0.991088
411.3	0.984602
411.45	0.978816
411.6	0.973732
411.75	0.969332
411.9	0.965593
412	0.963464
412.15	0.962992
412.3	0.962611
412.45	0.962284
412.5	0.96218
412.65	0.964762
412.8	0.968244
412.95	0.972636
413.1	0.977962
413.25	0.984237
413.4	0.991475
413.5	0.996841
413.65	0.997354
413.8	0.997759
413.95	0.998103
414	0.998212
414.15	0.991044
414.3	0.98456
414.45	0.978775
414.6	0.973692
414.75	0.969293
414.9	0.965556
415	0.963428
415.15	0.962956
415.3	0.962575
415.45	0.962248
415.5	0.962144
415.65	0.964724
415.8	0.968205
415.95	0.972596
416.1	0.977921
416.25	0.984194
416.4	0.991431
416.5	0.996797
416.65	0.997309
416.8	0.997715
416.95	0.998059
417	0.998167
417.15	0.991001
417.3	0.984518
417.45	0.978734
417.6	0.973653
417.75	0.969256
417.9	0.96552
418	0.963393
418.15	0.962921
418.3	0.96254
418.45	0.962213
418.5	0.962109
418.65	0.964688
418.8	0.968167
418.95	0.972557
419.1	0.97788
419.25	0.984153
419.4	0.991389
419.5	0.996753
419.65	0.997266
419.8	0.997672
419.95	0.998016
420	0.998124
420.15	0.99096
420.3	0.984478
420.45	0.978696
420.6	0.973615
420.75	0.96922
420.9	0.965486
421	0.963359
421.15	0.962887
421.3	0.962506
421.45	0.962179
421.5	0.962075
421.65	0.964653
421.8	0.968131
421.95	0.972519
422.1	0.977841
422.25	0.984112
422.4	0.991347
422.5	0.996711
422.65	0.997224
422.8	0.99763
422.95	0.997974
423	0.998083
423.15	0.990919
423.3	0.984439
423.45	0.978658
423.6	0.973579
423.75	0.969185
423.9	0.965452
424	0.963326
424.15	0.962854
424.3	0.962473
424.45	0.962146
424.5	0.962042
424.65	0.964619
424.8	0.968095
424.95	0.972483
425.1	0.977803
425.25	0.984073
425.4	0.991307
425.5	0.99667
425.65	0.997183
425.8	0.997589
425.95	0.997933
426	0.998042
426.15	0.99088
426.3	0.984401
426.45	0.978621
426.6	0.973544
426.75	0.96915
426.9	0.965419
427	0.963294
427.15	0.962822
427.3	0.962441
427.45	0.962114
427.5	0.96201
427.65	0.964586
427.8	0.968061
427.95	0.972447
428.1	0.977766
428.25	0.984035
428.4	0.991268
428.5	0.99663
428.65	0.997143
428.8	0.99755
428.95	0.997894
429	0.998003
429.15	0.990842
429.3	0.984364
429.45	0.978586
429.6	0.973509
429.75	0.969117
429.9	0.965387
430	0.963263
430.15	0.962791
430.3	0.96241
430.45	0.962083
430.5	0.961979
430.65	0.964553
430.8	0.968027
430.95	0.972412
431.1	0.977731
431.243	0.983677
431.387	0.990568
431.5	0.99659
431.646	0.997094
431.793	0.997495
431.941	0.997837
432	0.997965
432.148	0.990874
432.297	0.98444
432.446	0.978684
432.596	0.973617
432.745	0.969223
432.894	0.965483
433	0.963234
433.15	0.962762
433.299	0.962381
433.449	0.962055
433.5	0.961949
433.65	0.96452
433.8	0.967989
433.95	0.972369
434.1	0.977681
434.25	0.983943
434.4	0.991169
434.5	0.996554
434.65	0.997068
434.8	0.997474
434.95	0.997819
435	0.997928
435.15	0.99077
435.3	0.984295
435.45	0.978519
435.6	0.973445
435.75	0.969055
435.9	0.965327
436	0.963204
436.15	0.962732
436.3	0.962351
436.45	0.962024
436.5	0.96192
436.65	0.964492
436.8	0.967964
436.95	0.972346
437.1	0.977662
437.25	0.983928
437.4	0.991157
437.5	0.996518
437.65	0.997032
437.8	0.997438
437.95	0.997783
438	0.997892
438.15	0.990735
438.3	0.98426
438.45	0.978485
438.6	0.973413
438.75	0.969024
438.9	0.965297
439	0.963176
439.15	0.962704
439.3	0.962323
439.45	0.961996
439.5	0.961892
439.65	0.964463
439.8	0.967933
439.95	0.972315
440.1	0.97763
440.25	0.983895
440.4	0.991123
440.5	0.996483
440.65	0.996997
440.8	0.997403
440.95	0.997748
441	0.997857
441.15	0.990701
441.3	0.984228
441.45	0.978454
441.6	0.973382
441.75	0.968995
441.9	0.965269
442	0.963148
442.15	0.962676
442.3	0.962295
442.45	0.961968
442.5	0.961864
442.65	0.964434
442.8	0.967904
442.95	0.972284
443.1	0.977598
443.25	0.983862
443.4	0.991089
443.5	0.996449
443.65	0.996963
443.8	0.997369
443.95	0.997714
444	0.997824
444.15	0.990668
444.3	0.984196
444.45	0.978423
444.6	0.973353
444.75	0.968966
444.9	0.965242
445	0.963122
445.15	0.96265
445.3	0.962268
445.45	0.961942
445.5	0.961838
445.65	0.964406
445.8	0.967875
445.95	0.972254
446.1	0.977567
446.25	0.98383
446.4	0.991057
446.5	0.996416
446.65	0.99693
446.8	0.997337
446.95	0.997682
447	0.997791
447.15	0.990637
447.3	0.984165
447.45	0.978393
447.6	0.973324
447.75	0.968939
447.9	0.965215
448	0.963096
448.15	0.962624
448.3	0.962243
448.45	0.961916
448.5	0.961812
448.65	0.96438
448.8	0.967847
448.95	0.972226
449.1	0.977538
449.25	0.983799
449.4	0.991025
449.5	0.996383
449.65	0.996898
449.8	0.997305
449.95	0.99765
450	0.997759
450.15	0.990606
450.3	0.984135
450.45	0.978365
450.6	0.973296
450.75	0.968912
450.9	0.965189
451	0.963071
451.15	0.962599
451.3	0.962218
451.45	0.961891
451.5	0.961787
451.65	0.964354
451.8	0.96782
451.95	0.972198
452.1	0.977509
452.25	0.98377
452.4	0.990995
452.5	0.996352
452.65	0.996866
452.8	0.997274
452.95	0.997619
453	0.997728
453.15	0.990576
453.3	0.984106
453.45	0.978337
453.6	0.973269
453.75	0.968886
453.9	0.965164
454	0.963046
454.15	0.962574
454.3	0.962193
454.45	0.961866
454.5	0.961762
454.65	0.964328
454.8	0.967794
454.95	0.97217
455.1	0.977481
455.25	0.983741
455.4	0.990965
455.5	0.996322
455.65	0.996836
455.8	0.997243
455.95	0.997589
456	0.997698
456.15	0.990547
456.3	0.984078
456.45	0.97831
456.6	0.973243
456.75	0.968861
456.9	0.96514
457	0.963023
457.15	0.962551
457.3	0.96217
457.45	0.961843
457.5	0.961739
457.65	0.964304
457.8	0.967768
457.95	0.972144
458.1	0.977453
458.25	0.983712
458.4	0.990936
458.5	0.996293
458.65	0.996807
458.8	0.997214
458.95	0.99756
459	0.997669
459.15	0.990519
459.3	0.984051
459.45	0.978283
459.6	0.973218
459.75	0.968836
459.9	0.965117
460	0.963
460.15	0.962528
460.3	0.962147
460.45	0.96182
460.5	0.961716
460.65	0.96428
460.8	0.967744
460.95	0.972118
461.1	0.977427
461.25	0.983685
461.4	0.990908
461.5	0.996264
461.65	0.996779
461.8	0.997186
461.95	0.997532
462	0.997641
462.15	0.990492
462.3	0.984025
462.45	0.978258
462.6	0.973193
462.75	0.968813
462.9	0.965094
463	0.962978
463.15	0.962506
463.3	0.962124
463.45	0.961797
463.5	0.961694
463.65	0.964257
463.8	0.96772
463.95	0.972094
464.1	0.977401
464.25	0.983659
464.4	0.990881
464.5	0.996236
464.65	0.996751
464.8	0.997158
464.95	0.997504
465	0.997614
465.15	0.990465
465.3	0.983999
465.45	0.978233
465.6	0.973169
465.75	0.96879
465.9	0.965072
466	0.962956
466.15	0.962484
466.3	0.962103
466.45	0.961776
466.5	0.961672
466.65	0.964234
466.8	0.967696
466.95	0.972069
467.1	0.977376
467.25	0.983633
467.4	0.990854
467.5	0.996209
467.65	0.996724
467.8	0.997132
467.95	0.997478
468	0.997587
468.15	0.990439
468.3	0.983974
468.45	0.978209
468.6	0.973146
468.75	0.968767
468.9	0.96505
469	0.962935
469.15	0.962463
469.3	0.962082
469.45	0.961755
469.5	0.961651
469.65	0.964213
469.8	0.967674
469.95	0.972046
470.1	0.977352
470.25	0.983608
470.4	0.990829
470.5	0.996183
470.65	0.996698
470.8	0.997106
470.95	0.997452
471	0.997561
471.15	0.990414
471.3	0.98395
471.45	0.978186
471.6	0.973123
471.75	0.968746
471.9	0.965029
472	0.962915
472.15	0.962443
472.3	0.962061
472.45	0.961735
472.5	0.961631
472.65	0.964191
472.8	0.967652
472.95	0.972023
473.1	0.977329
473.25	0.983584
473.4	0.990804
473.5	0.996158
473.65	0.996673
473.8	0.997081
473.95	0.997427
474	0.997536
474.15	0.99039
474.3	0.983927
474.45	0.978163
474.6	0.973102
474.75	0.968725
474.9	0.965009
475	0.962895
475.15	0.962423
475.3	0.962042
475.45	0.961715
475.5	0.961611
475.65	0.964171
475.8	0.967631
475.95	0.972001
476.1	0.977306
476.25	0.983561
476.4	0.99078
476.5	0.996134
476.65	0.996649
476.8	0.997056
476.95	0.997402
477	0.997512
477.15	0.990367
477.3	0.983904
477.45	0.978141
477.6	0.97308
477.75	0.968704
477.9	0.964989
478	0.962876
478.15	0.962404
478.3	0.962023
478.45	0.961696
478.5	0.961592
478.65	0.964151
478.8	0.96761
478.95	0.97198
479.1	0.977284
479.25	0.983538
479.4	0.990756
479.5	0.99611
479.65	0.996625
479.8	0.997033
479.95	0.997379
480	0.997488
480.15	0.990344
480.3	0.983882
480.45	0.97812
480.6	0.97306
480.75	0.968684
480.9	0.96497
481	0.962857
481.15	0.962385
481.3	0.962004
481.45	0.961677
481.5	0.961573
481.65	0.964132
481.8	0.96759
481.95	0.971959
482.1	0.977262
482.25	0.983516
482.4	0.990734
482.5	0.996087
482.65	0.996602
482.8	0.99701
482.95	0.997356
483	0.997466
483.15	0.990322
483.3	0.98386
483.45	0.978099
483.6	0.97304
483.75	0.968665
483.9	0.964952
484	0.962839
484.15	0.962367
484.3	0.961986
484.45	0.961659
484.5	0.961555
484.65	0.964113
484.8	0.967571
484.95	0.971939
485.1	0.977242
485.25	0.983494
485.4	0.990712
485.5	0.996064
485.65	0.99658
485.8	0.996988
485.95	0.997334
486	0.997443
486.15	0.9903
486.3	0.98384
486.45	0.978079
486.6	0.973021
486.75	0.968646
486.9	0.964934
487	0.962822
487.15	0.96235
487.3	0.961969
487.45	0.961642
487.5	0.961538
487.65	0.964095
487.8	0.967552
487.95	0.97192
488.1	0.977222
488.25	0.983474
488.4	0.99069
488.5	0.996042
488.65	0.996558
488.8	0.996966
488.95	0.997312
489	0.997422
489.15	0.99028
489.3	0.983819
489.45	0.97806
489.6	0.973002
489.75	0.968628
489.9	0.964916
490	0.962805
490.15	0.962333
490.3	0.961952
490.45	0.961625
490.5	0.961521
490.65	0.964077
490.8	0.967534
490.95	0.971901
491.1	0.977202
491.25	0.983454
491.4	0.990669
491.5	0.996021
491.65	0.996537
491.8	0.996945
491.95	0.997291
492	0.997401
492.15	0.990259
492.3	0.9838
492.45	0.978041
492.6	0.972984
492.75	0.968611
492.9	0.964899
493	0.962788
493.15	0.962316
493.3	0.961935
493.45	0.961608
493.5	0.961505
493.65	0.96406
493.8	0.967516
493.95	0.971882
494.1	0.977183
494.25	0.983434
494.4	0.990649
494.5	0.996001
494.65	0.996516
494.8	0.996925
494.95	0.997271
495	0.997381
495.15	0.99024
495.3	0.983781
495.45	0.978022
495.6	0.972966
495.75	0.968594
495.9	0.964883
496	0.962772
496.15	0.9623
496.3	0.961919
496.45	0.961592
496.5	0.961489
496.65	0.964044
496.8	0.967499
496.95	0.971865
497.1	0.977165
497.25	0.983415
497.4	0.99063
497.5	0.995981
497.65	0.996497
497.8	0.996905
497.95	0.997252
498	0.997361
498.15	0.990221
498.3	0.983763
498.45	0.978005
498.6	0.972949
498.75	0.968577
498.9	0.964867
499	0.962757
499.15	0.962285
499.3	0.961904
499.45	0.961577
499.5	0.961473
499.65	0.964028
499.8	0.967482
499.95	0.971847
500.1	0.977147
500.25	0.983397
500.4	0.990611
500.5	0.995962
500.65	0.996477
500.8	0.996886
500.95	0.997232
501	0.997342
501.15	0.990202
501.3	0.983745
501.45	0.977987
501.6	0.972932
501.75	0.968561
501.9	0.964852
502	0.962742
502.15	0.96227
502.3	0.961889
502.45	0.961562
502.5	0.961458
502.65	0.964012
502.8	0.967466
502.95	0.97183
503.1	0.977129
503.25	0.983379
503.4	0.990592
503.5	0.995943
503.65	0.996459
503.8	0.996867
503.95	0.997214
504	0.997324
504.15	0.990184
504.3	0.983727
504.45	0.977971
504.6	0.972916
504.75	0.968546
504.9	0.964837
505	0.962727
505.15	0.962255
505.3	0.961874
505.45	0.961547
505.5	0.961444
505.65	0.963997
505.8	0.96745
505.95	0.971814
506.1	0.977112
506.25	0.983361
506.4	0.990575
506.5	0.995925
506.65	0.996441
506.8	0.996849
506.95	0.997196
507	0.997306
507.15	0.990167
507.3	0.983711
507.45	0.977954
507.6	0.9729
507.75	0.96853
507.9	0.964822
508	0.962713
508.15	0.962241
508.3	0.96186
508.45	0.961533
508.5	0.961429
508.65	0.963982
508.8	0.967435
508.95	0.971798
509.1	0.977096
509.25	0.983344
509.4	0.990557
509.5	0.995907
509.65	0.996423
509.8	0.996832
509.95	0.997178
510	0.997288
510.15	0.99015
510.3	0.983694
510.45	0.977939
510.6	0.972885
510.75	0.968516
510.9	0.964808
511	0.962699
511.15	0.962227
511.3	0.961846
511.45	0.961519
511.5	0.961416
511.65	0.963968
511.8	0.96742
511.95	0.971783
512.1	0.97708
512.25	0.983328
512.4	0.99054
512.5	0.99589
512.65	0.996406
512.8	0.996815
512.95	0.997162
513	0.997271
513.15	0.990134
513.3	0.983678
513.45	0.977923
513.6	0.97287
513.75	0.968502
513.9	0.964794
514	0.962686
514.15	0.962214
514.3	0.961833
514.45	0.961506
514.5	0.961402
514.65	0.963954
514.8	0.967406
514.95	0.971768
515.1	0.977065
515.25	0.983312
515.4	0.990524
515.5	0.995874
515.65	0.99639
515.8	0.996798
515.95	0.997145
516	0.997255
516.15	0.990118
516.3	0.983663
516.45	0.977908
516.6	0.972856
516.75	0.968488
516.9	0.964781
517	0.962673
517.15	0.962201
517.3	0.96182
517.45	0.961493
517.5	0.961389
517.65	0.963941
517.8	0.967392
517.95	0.971754
518.1	0.97705
518.25	0.983297
518.4	0.990508
518.5	0.995857
518.65	0.996374
518.8	0.996782
518.95	0.997129
519	0.997239
519.15	0.990102
519.3	0.983648
519.45	0.977894
519.6	0.972842
519.75	0.968474
519.9	0.964768
520	0.96266
520.15	0.962188
520.3	0.961807
520.45	0.961481
520.5	0.961377
520.65	0.963928
520.8	0.967378
520.95	0.97174
521.1	0.977036
521.25	0.983282
521.4	0.990493
521.5	0.995842
521.65	0.996358
521.8	0.996767
521.95	0.997114
522	0.997224
522.15	0.990088
522.3	0.983634
522.45	0.97788
522.6	0.972829
522.75	0.968461
522.9	0.964756
523	0.962648
523.15	0.962176
523.3	0.961795
523.45	0.961468
523.5	0.961365
523.65	0.963915
523.8	0.967365
523.95	0.971726
524.1	0.977022
524.25	0.983268
524.4	0.990478
524.5	0.995827
524.65	0.996343
524.8	0.996752
524.95	0.997099
525	0.997209
525.15	0.990073
525.3	0.98362
525.45	0.977867
525.6	0.972816
525.75	0.968449
525.9	0.964744
526	0.962636
526.15	0.962164
526.3	0.961783
526.45	0.961457
526.5	0.961353
526.65	0.963903
526.8	0.967352
526.95	0.971713
527.1	0.977008
527.25	0.983254
527.4	0.990464
527.5	0.995812
527.65	0.996328
527.8	0.996737
527.95	0.997084
528	0.997194
528.15	0.990059
528.3	0.983606
528.45	0.977853
528.6	0.972803
528.75	0.968437
528.9	0.964732
529	0.962625
529.15	0.962153
529.3	0.961772
529.45	0.961445
529.5	0.961342
529.65	0.963891
529.8	0.96734
529.95	0.9717
530.1	0.976995
530.25	0.98324
530.4	0.99045
530.5	0.995798
530.65	0.996314
530.8	0.996723
530.95	0.99707
531	0.99718
531.15	0.990045
531.3	0.983593
531.45	0.977841
531.6	0.97279
531.75	0.968425
531.9	0.96472
532	0.962614
532.15	0.962142
532.3	0.961761
532.45	0.961434
532.5	0.96133
532.65	0.963879
532.8	0.967328
532.95	0.971688
533.1	0.976982
533.25	0.983227
533.4	0.990436
533.5	0.995784
533.65	0.9963
533.8	0.996709
533.95	0.997056
534	0.997166
534.15	0.990032
534.3	0.98358
534.45	0.977828
534.6	0.972779
534.75	0.968413
534.9	0.964709
535	0.962603
535.15	0.962131
535.3	0.96175
535.45	0.961423
535.5	0.96132
535.65	0.963868
535.8	0.967316
535.95	0.971676
536.1	0.976969
536.25	0.983214
536.4	0.990423
536.5	0.995771
536.65	0.996287
536.8	0.996696
536.95	0.997043
537	0.997153
537.15	0.990019
537.3	0.983568
537.45	0.977816
537.6	0.972767
537.75	0.968402
537.9	0.964699
538	0.962592
538.15	0.962121
538.3	0.961739
538.45	0.961413
538.5	0.961309
538.65	0.963857
538.8	0.967305
538.95	0.971664
539.1	0.976957
539.25	0.983201
539.4	0.99041
539.5	0.995757
539.65	0.996274
539.8	0.996683
539.95	0.99703
540	0.99714
540.15	0.990007
540.3	0.983555
540.45	0.977805
540.6	0.972756
540.75	0.968391
540.9	0.964688
541	0.962582
541.15	0.96211
541.3	0.961729
541.45	0.961403
541.5	0.961299
541.65	0.963847
541.8	0.967294
541.95	0.971653
542.1	0.976946
542.25	0.983189
542.4	0.990398
542.5	0.995745
542.65	0.996261
542.8	0.99667
542.95	0.997018
543	0.997128
543.15	0.989995
543.3	0.983544
543.45	0.977793
543.6	0.972745
543.75	0.968381
543.9	0.964678
544	0.962572
544.15	0.962101
544.3	0.961719
544.45	0.961393
544.5	0.961289
544.65	0.963836
544.8	0.967283
544.95	0.971642
545.1	0.976934
545.25	0.983178
545.4	0.990386
545.5	0.995733
545.65	0.996249
545.8	0.996658
545.95	0.997006
546	0.997115
546.15	0.989983
546.3	0.983532
546.45	0.977782
546.6	0.972734
546.75	0.96837
546.9	0.964668
547	0.962563
547.15	0.962091
547.3	0.96171
547.45	0.961383
547.5	0.96128
547.65	0.963826
547.8	0.967273
547.95	0.971631
548.1	0.976923
548.25	0.983166
548.4	0.990374
548.5	0.995721
548.65	0.996237
548.8	0.996646
548.95	0.996994
549	0.997104
549.15	0.989972
549.3	0.983521
549.45	0.977772
549.6	0.972724
549.75	0.968361
549.9	0.964659
550	0.962554
550.15	0.962082
550.3	0.961701
550.45	0.961374
550.5	0.96127
550.65	0.963817
550.8	0.967263
550.95	0.971621
551.1	0.976912
551.25	0.983155
551.4	0.990363
551.5	0.995709
551.65	0.996226
551.8	0.996635
551.95	0.996982
552	0.997092
552.15	0.98996
552.3	0.983511
552.45	0.977761
552.6	0.972714
552.75	0.968351
552.9	0.964649
553	0.962545
553.15	0.962073
553.3	0.961692
553.45	0.961365
553.5	0.961261
553.65	0.963807
553.8	0.967253
553.95	0.971611
554.1	0.976902
554.25	0.983145
554.4	0.990351
554.5	0.995698
554.65	0.996215
554.8	0.996624
554.95	0.996971
555	0.997081
555.15	0.98995
555.3	0.9835
555.45	0.977751
555.6	0.972704
555.75	0.968342
555.9	0.96464
556	0.962536
556.15	0.962064
556.3	0.961683
556.45	0.961356
556.5	0.961253
556.65	0.963798
556.8	0.967244
556.95	0.971601
557.1	0.976892
557.25	0.983134
557.4	0.990341
557.5	0.995687
557.65	0.996204
557.8	0.996613
557.95	0.996961
558	0.99707
558.15	0.989939
558.3	0.98349
558.45	0.977742
558.6	0.972695
558.75	0.968333
558.9	0.964632
559	0.962527
559.15	0.962056
559.3	0.961674
559.45	0.961348
559.5	0.961244
559.65	0.96379
559.8	0.967235
559.95	0.971591
560.1	0.976882
560.25	0.983124
560.4	0.99033
560.5	0.995676
560.65	0.996193
560.8	0.996603
560.95	0.99695
561	0.99706
561.15	0.989929
561.3	0.98348
561.45	0.977732
561.6	0.972686
561.75	0.968324
561.9	0.964623
562	0.962519
562.15	0.962047
562.3	0.961666
562.45	0.96134
562.5	0.961236
562.65	0.963781
562.8	0.967226
562.95	0.971582
563.1	0.976873
563.25	0.983114
563.4	0.99032
563.5	0.995666
563.65	0.996183
563.8	0.996592
563.95	0.99694
564	0.99705
564.15	0.989919
564.3	0.983471
564.45	0.977723
564.6	0.972677
564.75	0.968315
564.9	0.964615
565	0.962511
565.15	0.962039
565.3	0.961658
565.45	0.961332
565.5	0.961228
565.65	0.963773
565.8	0.967217
565.95	0.971573
566.1	0.976864
566.25	0.983105
566.4	0.990311
566.5	0.995656
566.65	0.996173
566.8	0.996583
566.95	0.99693
567	0.99704
567.15	0.98991
567.3	0.983462
567.45	0.977714
567.6	0.972668
567.75	0.968307
567.9	0.964607
568	0.962503
568.15	0.962032
568.3	0.96165
568.45	0.961324
568.5	0.96122
568.65	0.963765
568.8	0.967209
568.95	0.971565
569.1	0.976855
569.25	0.983096
569.4	0.990301
569.5	0.995647
569.65	0.996163
569.8	0.996573
569.95	0.996921
570	0.99703
570.15	0.989901
570.3	0.983453
570.45	0.977705
570.6	0.97266
570.75	0.968299
570.9	0.964599
571	0.962496
571.15	0.962024
571.3	0.961643
571.45	0.961316
571.5	0.961213
571.65	0.963757
571.8	0.967201
571.95	0.971556
572.1	0.976846
572.25	0.983087
572.4	0.990292
572.5	0.995637
572.65	0.996154
572.8	0.996564
572.95	0.996911
573	0.997021
573.15	0.989892
573.3	0.983444
573.45	0.977697
573.6	0.972652
573.75	0.968291
573.9	0.964592
574	0.962489
574.15	0.962017
574.3	0.961636
574.45	0.961309
574.5	0.961205
574.65	0.963749
574.8	0.967193
574.95	0.971548
575.1	0.976838
575.25	0.983078
575.4	0.990283
575.5	0.995628
575.65	0.996145
575.8	0.996555
575.95	0.996902
576	0.997012
576.15	0.989883
576.3	0.983436
576.45	0.977689
576.6	0.972644
576.75	0.968284
576.9	0.964585
577	0.962481
577.15	0.96201
577.3	0.961629
577.45	0.961302
577.5	0.961198
577.65	0.963742
577.8	0.967185
577.95	0.97154
578.1	0.976829
578.25	0.98307
578.4	0.990274
578.5	0.995619
578.65	0.996136
578.8	0.996546
578.95	0.996894
579	0.997004
579.15	0.989875
579.3	0.983428
579.45	0.977681
579.6	0.972637
579.75	0.968276
579.9	0.964578
580	0.962475
580.15	0.962003
580.3	0.961622
580.45	0.961295
580.5	0.961191
580.65	0.963735
580.8	0.967178
580.95	0.971533
581.1	0.976821
581.25	0.983061
581.4	0.990266
581.5	0.995611
581.65	0.996128
581.8	0.996538
581.95	0.996885
582	0.996995
582.15	0.989866
582.3	0.98342
582.45	0.977673
582.6	0.972629
582.75	0.968269
582.9	0.964571
583	0.962468
583.15	0.961996
583.3	0.961615
583.45	0.961288
583.5	0.961185
583.65	0.963728
583.8	0.967171
583.95	0.971525
584.1	0.976814
584.25	0.983054
584.4	0.990258
584.5	0.995603
584.65	0.99612
584.8	0.996529
584.95	0.996877
585	0.996987
585.15	0.989859
585.3	0.983412
585.45	0.977666
585.6	0.972622
585.75	0.968262
585.9	0.964564
586	0.962462
586.15	0.96199
586.3	0.961609
586.45	0.961282
586.5	0.961178
586.65	0.963721
586.8	0.967164
586.95	0.971518
587.1	0.976806
587.25	0.983046
587.4	0.99025
587.5	0.995595
587.65	0.996112
587.8	0.996521
587.95	0.996869
588	0.996979
588.15	0.989851
588.3	0.983405
588.45	0.977659
588.6	0.972615
588.75	0.968256
588.9	0.964558
589	0.962455
589.15	0.961983
589.3	0.961602
589.45	0.961276
589.5	0.961172
589.65	0.963715
589.8	0.967157
589.95	0.971511
590.1	0.976799
590.25	0.983038
590.4	0.990242
590.5	0.995587
590.65	0.996104
590.8	0.996514
590.95	0.996861
591	0.996971
591.15	0.989843
591.3	0.983397
591.45	0.977652
591.6	0.972608
591.75	0.968249
591.9	0.964551
592	0.962449
592.15	0.961977
592.3	0.961596
592.45	0.96127
592.5	0.961166
592.65	0.963708
592.8	0.967151
592.95	0.971504
593.1	0.976792
593.25	0.983031
593.4	0.990235
593.5	0.995579
593.65	0.996096
593.8	0.996506
593.95	0.996854
594	0.996964
594.15	0.989836
594.3	0.98339
594.45	0.977645
594.6	0.972602
594.75	0.968243
594.9	0.964545
595	0.962443
595.15	0.961971
595.3	0.96159
595.45	0.961264
595.5	0.96116
595.65	0.963702
595.8	0.967144
595.95	0.971498
596.1	0.976785
596.25	0.983024
596.4	0.990228
596.5	0.995572
596.65	0.996089
596.8	0.996499
596.95	0.996846
597	0.996957
597.15	0.989829
597.3	0.983384
597.45	0.977638
597.6	0.972595
597.75	0.968237
597.9	0.964539
598	0.962438
598.15	0.961966
598.3	0.961585
598.45	0.961258
598.5	0.961154
598.65	0.963696
598.8	0.967138
598.95	0.971491
599.1	0.976779
599.25	0.983017
599.4	0.990221
599.5	0.995565
599.65	0.996082
599.8	0.996492
599.95	0.996839
600	0.996949
600.15	0.989822
600.3	0.983377
600.45	0.977632
600.6	0.972589
600.75	0.968231
600.9	0.964534
601	0.962432
601.15	0.96196
601.3	0.961579
601.45	0.961252
601.5	0.961149
601.65	0.963691
601.8	0.967132
601.95	0.971485
602.1	0.976772
602.25	0.983011
602.4	0.990214
602.5	0.995558
602.65	0.996075
602.8	0.996485
602.95	0.996833
603	0.996943
603.15	0.989816
603.3	0.983371
603.45	0.977626
603.6	0.972583
603.75	0.968225
603.9	0.964528
604	0.962427
604.15	0.961955
604.3	0.961574
604.45	0.961247
604.5	0.961143
604.65	0.958273
604.8	0.956212
604.95	0.954935
605	0.954684
