x	E1681
0	1
0.15	1.00355
0.3	1.00824
0.45	1.01411
0.6	1.0166
0.75	1.01696
0.9	1.01726
1.05	1.01752
1.2	1.01775
1.35	1.01796
1.5	1.01815
1.65	1.01919
1.8	1.02197
1.95	1.02655
2.1	1.03288
2.25	1.04069
2.32143	1.04474
2.39286	1.04888
2.48	1.05394
2.57971	1.05943
2.68949	1.06469
2.8073	1.06913
2.91381	1.07161
3.02782	1.07249
3.14903	1.07145
3.27599	1.06805
3.40757	1.06275
3.54282	1.05605
3.68103	1.04862
3.8216	1.0413
3.96405	1.03481
4.10801	1.02961
4.25318	1.02592
4.39932	1.02382
4.54623	1.02334
4.69375	1.02452
4.84177	1.02742
4.94779	1.03054
5.06139	1.03491
5.18228	1.04055
5.30898	1.04728
5.36528	1.05042
5.44032	1.05464
5.52607	1.05933
5.61495	1.06381
5.71438	1.06821
5.82392	1.07187
5.94156	1.07416
6.06566	1.07434
6.19495	1.07225
6.32838	1.06793
6.46512	1.06181
6.60452	1.05451
6.74574	1.04693
6.88872	1.03987
7.03311	1.03391
7.17862	1.02938
7.32502	1.02641
7.47215	1.02503
7.61985	1.02527
7.76801	1.02718
7.91653	1.03082
7.98031	1.0329
8.0483	1.03546
8.1327	1.03911
8.23021	1.04386
8.33822	1.04961
8.39365	1.05266
8.468	1.05672
8.54043	1.06056
8.62838	1.06484
8.72873	1.06905
8.83902	1.07244
8.95725	1.07445
9.08183	1.07427
9.2115	1.07185
9.34523	1.06725
9.48222	1.06094
9.62181	1.05359
9.76348	1.04605
9.90682	1.03914
10.0515	1.03337
10.1972	1.02905
10.3438	1.02627
10.4911	1.02506
10.6389	1.02544
10.7872	1.02748
10.9358	1.03123
10.9996	1.03336
11.0806	1.03649
11.1754	1.04072
11.2813	1.04604
11.396	1.0522
11.4129	1.0531
11.4528	1.05525
11.5147	1.05852
11.564	1.06101
11.6333	1.06429
11.7166	1.06773
11.8133	1.07092
11.9206	1.07305
12.0364	1.07366
12.1591	1.07211
12.2873	1.06849
12.4198	1.06302
12.5558	1.05618
12.6946	1.04876
12.8356	1.04158
12.9785	1.03529
13.1228	1.03027
13.2682	1.02673
13.4145	1.02472
13.5616	1.02425
13.7092	1.02536
13.8573	1.02813
14.0058	1.0326
14.1546	1.03868
14.3037	1.04605
14.4245	1.05248
14.5384	1.05846
14.5845	1.06069
14.6514	1.06373
14.7349	1.06701
14.8317	1.06999
14.9392	1.07179
15.0551	1.07209
15.1779	1.07023
15.3061	1.06633
15.4387	1.06066
15.5748	1.05375
15.7136	1.04639
15.8547	1.03937
15.9975	1.03329
16.1418	1.02851
16.2873	1.0252
16.4336	1.02339
16.5807	1.0231
16.7283	1.02438
16.8765	1.02731
17.025	1.03192
17.1738	1.03811
17.3228	1.04551
17.4436	1.05189
17.5675	1.05825
17.6044	1.05997
17.6639	1.06258
17.7415	1.06554
17.8336	1.06827
17.9373	1.07004
18.0502	1.07032
18.1706	1.06862
18.2969	1.06495
18.4279	1.05949
18.5627	1.05273
18.7005	1.04544
18.8408	1.03844
18.9831	1.03233
19.1268	1.02746
19.2719	1.02403
19.4179	1.02207
19.5647	1.0216
19.7122	1.02266
19.8601	1.02536
20.0085	1.02974
20.1572	1.0357
20.3061	1.04292
20.4553	1.05073
20.4695	1.05146
20.5072	1.05342
20.5673	1.05642
20.6305	1.05933
20.6938	1.06194
20.7743	1.06477
20.8688	1.06716
20.9744	1.06841
21.0888	1.0681
21.2104	1.06582
21.3376	1.06153
21.4694	1.05562
21.6049	1.04869
21.7432	1.0415
21.8839	1.0348
22.0265	1.02909
22.1705	1.0247
22.3157	1.02174
22.4619	1.02025
22.6089	1.02023
22.7564	1.02175
22.9045	1.02489
23.0529	1.02968
23.2017	1.036
23.3507	1.04342
23.4714	1.0497
23.4824	1.05027
23.5081	1.0516
23.5587	1.05407
23.6291	1.05735
23.6702	1.0591
23.7228	1.06115
23.7923	1.06339
23.8778	1.06539
23.9762	1.06647
24.085	1.06625
24.202	1.06407
24.3256	1.0601
24.4544	1.0545
24.5833	1.04799
24.7164	1.04107
24.8529	1.03446
24.9921	1.02867
25.1334	1.02405
25.2765	1.02079
25.421	1.01893
25.5665	1.01848
25.713	1.01952
25.8602	1.02211
26.0079	1.02635
26.0785	1.02891
26.1649	1.03251
26.2641	1.03717
26.3734	1.04273
26.4909	1.04879
26.6148	1.05478
26.664	1.05694
26.7334	1.05957
26.8189	1.06214
26.9173	1.06398
27.026	1.06465
27.143	1.06339
27.2666	1.06026
27.3954	1.0553
27.5279	1.04898
27.6639	1.04194
27.8028	1.03501
27.9438	1.02881
28.0866	1.02374
28.2309	1.02002
28.3763	1.01771
28.5227	1.01683
28.6697	1.0174
28.8174	1.0195
28.9655	1.02325
29.0998	1.02802
29.2369	1.03407
29.3765	1.04106
29.5048	1.04763
29.5173	1.04826
29.5536	1.05003
29.6127	1.05281
29.6862	1.05591
29.775	1.05897
29.8761	1.06144
29.987	1.06263
30.1057	1.0621
30.2306	1.05944
30.3606	1.05487
30.4945	1.04876
30.6317	1.04179
30.7714	1.03476
30.9132	1.02835
31.0567	1.02303
31.2014	1.01904
31.3472	1.01647
31.4939	1.01531
31.6412	1.0156
31.789	1.01738
31.9373	1.02077
32.0859	1.02577
32.2348	1.03221
32.3839	1.03963
32.519	1.04649
32.535	1.04729
32.5651	1.04872
32.6193	1.05125
32.6926	1.0543
32.7696	1.05695
32.8612	1.05924
32.9645	1.06064
33.0772	1.06046
33.1973	1.05849
33.3234	1.05451
33.4542	1.04887
33.5889	1.04219
33.7267	1.03521
33.8669	1.02865
34.0091	1.02301
34.1528	1.01862
34.2978	1.01561
34.4438	1.01399
34.5906	1.01378
34.738	1.01501
34.8859	1.01779
35.0343	1.02219
35.1193	1.02538
35.2155	1.02955
35.3224	1.03471
35.438	1.04058
35.5371	1.04554
35.6464	1.05053
35.7359	1.05395
35.8317	1.05676
35.9384	1.05853
36.0538	1.05881
36.1761	1.05707
36.3039	1.05336
36.4361	1.04791
36.572	1.04129
36.7106	1.03429
36.8515	1.02764
36.9943	1.02189
37.1384	1.01738
37.2838	1.01425
37.4301	1.01252
37.5771	1.01217
37.7247	1.01326
37.8728	1.01588
38.0213	1.02011
38.1346	1.02435
38.2543	1.02967
38.3801	1.03588
38.5107	1.04249
38.5555	1.04465
38.6185	1.04752
38.6989	1.05084
38.7528	1.0527
38.8259	1.05477
38.9143	1.05646
39.0151	1.05709
39.1258	1.05621
39.2443	1.05351
39.3691	1.04908
39.4989	1.04321
39.6328	1.0365
39.7699	1.02974
39.9096	1.02356
40.0513	1.0184
40.1947	1.0145
40.3394	1.01195
40.4852	1.01074
40.6318	1.01091
40.7791	1.01252
40.927	1.01567
41.0752	1.02041
41.146	1.02319
41.2326	1.02699
41.3319	1.03176
41.4413	1.03729
41.5589	1.04305
41.6829	1.04843
41.7814	1.05184
41.8853	1.05424
41.9984	1.05531
42.1189	1.05452
42.2453	1.05174
42.3764	1.04705
42.5113	1.0409
42.6492	1.03401
42.7896	1.0272
42.9318	1.0211
43.0756	1.01611
43.2207	1.01243
43.3667	1.01013
43.5136	1.00918
43.661	1.00962
43.809	1.01152
43.9574	1.01499
44.1061	1.02003
44.1557	1.02202
44.2255	1.02506
44.3112	1.02911
44.4099	1.03401
44.5188	1.03947
44.5745	1.04209
44.6402	1.04498
44.7228	1.04822
44.8052	1.05081
44.8908	1.05261
44.9893	1.05353
45.0981	1.05313
45.2152	1.05086
45.3388	1.04683
45.4677	1.04131
45.6008	1.03482
45.7373	1.02809
45.8765	1.02181
46.0179	1.01645
46.161	1.01231
46.3055	1.00949
46.451	1.008
46.5975	1.00783
46.7447	1.00906
46.8924	1.0118
47.0406	1.01611
47.1679	1.02099
47.2992	1.02696
47.4342	1.03364
47.5722	1.04034
47.5988	1.04159
47.6468	1.04362
47.7152	1.04627
47.7999	1.04897
47.8976	1.05108
48.0058	1.05191
48.1224	1.05112
48.2456	1.04842
48.3742	1.04381
48.5071	1.03782
48.6434	1.03113
48.7825	1.02446
48.9237	1.01843
49.0667	1.01348
49.2111	1.00981
49.3566	1.00747
49.503	1.00645
49.6501	1.00677
49.7978	1.00851
49.946	1.01177
50.0945	1.0166
50.1796	1.01999
50.2776	1.02439
50.386	1.02967
50.5028	1.03545
50.6027	1.04013
50.7126	1.04456
50.8305	1.04818
50.9549	1.05007
51.0843	1.04993
51.2179	1.04752
51.3548	1.04299
51.4943	1.03688
51.6359	1.02998
51.7791	1.02313
51.9238	1.01699
52.0694	1.012
52.216	1.00834
52.3633	1.00605
52.511	1.00509
52.6593	1.00549
52.8079	1.00731
52.9567	1.01067
53.1058	1.01558
53.184	1.01872
53.2766	1.02286
53.3806	1.02788
53.4939	1.03348
53.6145	1.03909
53.7409	1.04396
53.8721	1.04739
54.007	1.0487
54.145	1.04756
54.2854	1.04397
54.4276	1.03842
54.5715	1.03165
54.7165	1.0246
54.8626	1.01805
55.0094	1.01252
55.1569	1.00831
55.3049	1.00548
55.4533	1.00401
55.602	1.00387
55.7509	1.00512
55.9001	1.00786
56.0495	1.01216
56.1989	1.01795
56.3485	1.02487
56.4981	1.03224
56.6265	1.03812
56.7591	1.04305
56.8953	1.04627
57.0342	1.04715
57.1753	1.04544
57.3182	1.04132
57.4625	1.03536
57.608	1.02843
57.7543	1.02144
57.9014	1.01513
58.0491	1.00995
58.1972	1.00613
58.3457	1.00368
58.4946	1.00257
58.6436	1.00279
58.7928	1.00444
58.9422	1.0076
59.0917	1.01232
59.2057	1.01687
59.3259	1.02235
59.4521	1.02851
59.583	1.03476
59.6408	1.03724
59.717	1.04019
59.8079	1.04297
59.9107	1.045
60.0229	1.04571
60.1427	1.04462
60.2685	1.04152
60.3992	1.03671
60.5337	1.03062
60.6713	1.02399
60.8114	1.01754
60.9535	1.01185
61.0971	1.00729
61.2421	1.00401
61.388	1.00201
61.5348	1.0013
61.6822	1.00188
61.8301	1.00386
61.9784	1.00733
62.1271	1.01234
62.2122	1.0158
62.3085	1.02016
62.4155	1.02531
62.5312	1.03091
62.6537	1.03634
62.7817	1.04078
62.9141	1.04358
63.05	1.04414
63.1888	1.04222
63.3298	1.03802
63.4726	1.03208
63.6168	1.02525
63.7622	1.01841
63.9085	1.01226
64.0555	1.00724
64.2032	1.00355
64.3513	1.00121
64.4998	1.00017
64.6486	1.00043
64.7976	1.00207
64.9468	1.00521
65.0962	1.00989
65.2243	1.01503
65.3563	1.0211
65.4918	1.02767
65.6302	1.03396
65.677	1.03588
65.7347	1.03795
65.8109	1.04023
65.9018	1.04204
66.0046	1.04284
66.1168	1.04216
66.2365	1.03968
66.3623	1.03543
66.493	1.02981
66.6275	1.02344
66.7651	1.01702
66.9052	1.01116
67.0473	1.00629
67.1909	1.00263
67.3358	1.00023
67.4818	0.999081
67.6285	0.999177
67.7759	1.00059
67.9239	1.00345
68.0722	1.00783
68.2209	1.01363
68.3698	1.02047
68.5189	1.02765
68.6683	1.03418
68.775	1.03785
68.8892	1.0405
69.0106	1.04148
69.1377	1.04048
69.2693	1.03739
69.4047	1.03244
69.543	1.02621
69.6836	1.01953
69.8261	1.01314
69.9701	1.0076
70.1153	1.00324
70.2614	1.00017
70.4083	0.998381
70.5559	0.997851
70.7039	0.998604
70.8523	1.00074
71.0011	1.00437
71.1501	1.0095
71.2353	1.01302
71.3335	1.01748
71.4421	1.02266
71.5589	1.02821
71.6824	1.0334
71.8112	1.03749
71.9442	1.03981
72.0807	1.03985
72.2198	1.03743
72.3611	1.03285
72.5042	1.02672
72.6486	1.01993
72.7941	1.0133
72.9406	1.00748
73.0877	1.00285
73.2355	0.999536
73.3836	0.997526
73.5322	0.996782
73.681	0.997314
73.8301	0.999211
73.9793	1.00259
74.1287	1.00749
74.2498	1.01245
74.3766	1.01829
74.5081	1.02458
74.6432	1.03061
74.7222	1.03356
74.8153	1.03631
74.9198	1.03834
75.0335	1.03883
75.1544	1.0376
75.2811	1.03448
75.4124	1.02955
75.5475	1.02349
75.6856	1.01702
75.8261	1.01081
75.9684	1.0054
76.1123	1.00113
76.2575	0.998099
76.4035	0.996308
76.5504	0.995732
76.6979	0.996402
76.8459	0.998422
76.9943	1.00191
77.143	1.0069
77.2566	1.01158
77.3774	1.01714
77.504	1.0232
77.6353	1.02904
77.7318	1.03265
77.839	1.03562
77.9547	1.03738
78.0773	1.03742
78.2054	1.0353
78.3378	1.03125
78.4738	1.02567
78.6125	1.01927
78.7536	1.0128
78.8964	1.0069
79.0406	1.00203
79.186	0.99839
79.3324	0.996005
79.4794	0.994846
79.6271	0.994906
79.7752	0.996254
79.9237	0.999012
80.0725	1.00327
80.2215	1.00896
80.3707	1.01569
80.5201	1.02278
80.6696	1.02922
80.748	1.03197
80.8407	1.03445
80.9448	1.03616
81.0582	1.03628
81.1788	1.03469
81.3053	1.03127
81.4366	1.02617
81.5715	1.02007
81.7095	1.01368
81.8499	1.00765
81.9922	1.0025
82.1361	0.998492
82.2811	0.995711
82.4272	0.99414
82.574	0.993761
82.7215	0.994617
82.8695	0.99682
83.0179	1.00049
83.1666	1.00564
83.2659	1.00977
83.3754	1.01478
83.4929	1.02032
83.617	1.0259
83.7462	1.03077
83.8796	1.03408
84.0163	1.03524
84.1557	1.03395
84.2972	1.03032
84.4404	1.02483
84.5849	1.01832
84.7306	1.01164
84.8771	1.00552
85.0243	1.00046
85.1721	0.99666
85.3203	0.994161
85.4689	0.992919
85.6177	0.992898
85.7668	0.994156
85.9161	0.996813
86.0655	1.00096
86.215	1.00654
86.272	1.00896
86.3476	1.01237
86.4381	1.01661
86.5405	1.02142
86.6524	1.02619
86.7719	1.03035
86.8947	1.03318
87.0229	1.03406
87.1554	1.03279
87.2915	1.02936
87.4303	1.02414
87.5714	1.01785
87.7142	1.01131
87.8585	1.00523
88.0039	1.0001
88.1503	0.996196
88.2973	0.993549
88.445	0.992123
88.5931	0.991892
88.7416	0.992904
88.8904	0.995277
89.0395	0.999125
89.1887	1.00443
89.2812	1.00832
89.3836	1.01299
89.4955	1.01824
89.6151	1.0236
89.7407	1.02829
89.8028	1.03009
89.8623	1.03144
89.9399	1.03257
90.032	1.03294
90.1357	1.03205
90.2486	1.02959
90.3689	1.02555
90.4952	1.02029
90.6263	1.01432
90.7611	1.00826
90.8989	1.00272
91.0392	0.998107
91.1814	0.994612
91.3252	0.992283
91.4702	0.9911
91.6163	0.991062
91.7631	0.992242
91.9105	0.994771
92.0585	0.99876
92.2069	1.00418
92.2847	1.00747
92.3751	1.01156
92.4773	1.01636
92.5892	1.0214
92.7086	1.02617
92.8043	1.02905
92.8999	1.03101
93.0065	1.03188
93.1217	1.03117
93.2439	1.02863
93.3716	1.0244
93.5038	1.01888
93.6396	1.0127
93.7782	1.00655
93.9191	1.00104
94.0618	0.996543
94.2059	0.99322
94.3513	0.991085
94.4975	0.990108
94.6446	0.9903
94.7922	0.991736
94.9403	0.994547
95.0887	0.998824
95.2375	1.00448
95.2943	1.00691
95.3697	1.01032
95.46	1.01452
95.5623	1.01922
95.6741	1.02382
95.7935	1.02776
95.8426	1.02893
95.9118	1.03013
95.9971	1.03085
96.0954	1.03042
96.2041	1.02863
96.321	1.02522
96.4445	1.02046
96.5733	1.01476
96.7064	1.00873
96.8428	1.00299
96.982	0.998031
97.1233	0.994122
97.2664	0.991359
97.4108	0.989733
97.5564	0.989226
97.7028	0.989879
97.85	0.991805
97.9977	0.995138
98.1459	0.999927
98.2944	1.00599
98.4433	1.01281
98.5923	1.01957
98.7416	1.02523
98.8554	1.02821
98.9765	1.02971
99.1033	1.02935
99.2348	1.0269
99.37	1.02251
99.5082	1.01674
99.6487	1.01039
99.7911	1.00418
99.935	0.998705
100.08	0.994327
100.226	0.991166
100.373	0.989205
100.521	0.988404
100.669	0.988781
100.817	0.990415
100.966	0.99344
101.115	0.997929
101.264	1.00375
101.413	1.01046
101.563	1.0173
101.712	1.02326
101.862	1.02735
102.012	1.02885
102.162	1.02754
102.311	1.02364
102.461	1.01783
102.611	1.01115
102.761	1.00453
102.911	0.998679
103.061	0.994004
103.211	0.990637
103.361	0.988541
103.511	0.987645
103.661	0.987937
103.811	0.989497
103.961	0.99246
104.111	0.996916
104.261	1.00272
104.311	1.00488
104.378	1.0079
104.462	1.01178
104.559	1.01616
104.667	1.02063
104.783	1.02447
104.905	1.02708
105.032	1.02789
105.164	1.0265
105.3	1.02301
105.438	1.01784
105.579	1.01168
105.722	1.00533
105.866	0.999472
106.011	0.994581
106.157	0.990877
106.304	0.988389
106.452	0.987067
106.6	0.986882
106.749	0.987888
106.897	0.990212
107.046	0.993982
107.196	0.999187
107.317	1.00425
107.443	1.01001
107.575	1.01593
107.71	1.02127
107.848	1.02516
107.988	1.0269
108.131	1.02613
108.275	1.0229
108.42	1.01772
108.566	1.01142
108.713	1.00488
108.86	0.998866
109.008	0.993875
109.157	0.990123
109.305	0.987623
109.454	0.986309
109.603	0.986145
109.753	0.98718
109.902	0.989541
110.052	0.993349
110.202	0.998592
110.323	1.00368
110.449	1.0094
110.58	1.01528
110.715	1.02055
110.852	1.02437
110.993	1.02604
111.135	1.0252
111.279	1.02191
111.424	1.0167
111.57	1.0104
111.716	1.0039
111.864	0.997931
112.012	0.992995
112.16	0.989297
112.309	0.986843
112.458	0.985566
112.607	0.98543
112.756	0.986487
112.906	0.988864
113.055	0.992684
113.205	0.997927
113.326	1.003
113.453	1.00875
113.585	1.01464
113.72	1.01988
113.858	1.02363
113.999	1.02519
114.141	1.02424
114.285	1.02086
114.43	1.0156
114.576	1.00928
114.723	1.0028
114.871	0.996896
115.019	0.992039
115.167	0.988421
115.316	0.98604
115.465	0.984825
115.614	0.984745
115.764	0.985854
115.913	0.988284
116.063	0.992154
116.212	0.997436
116.326	1.00221
116.448	1.00769
116.575	1.01339
116.706	1.01854
116.842	1.02238
116.98	1.02419
117.12	1.02361
117.263	1.02061
117.407	1.01567
117.552	1.00954
117.698	1.0031
117.845	0.997108
117.993	0.992084
118.141	0.988265
118.289	0.985676
118.438	0.984254
118.587	0.983954
118.736	0.984831
118.885	0.987
119.035	0.990584
119.184	0.995594
119.334	1.00177
119.484	1.00853
119.634	1.01499
119.783	1.02013
119.933	1.02304
120.083	1.02322
120.233	1.02066
120.383	1.01583
120.533	1.00962
120.683	1.00301
120.833	0.996843
120.983	0.991676
121.133	0.987756
121.283	0.985101
121.433	0.983636
121.583	0.983304
121.733	0.984139
121.883	0.98626
122.033	0.989809
122.183	0.994799
122.333	1.00097
122.483	1.00772
122.633	1.01417
122.783	1.0193
122.933	1.02221
123.083	1.0224
123.233	1.01984
123.383	1.01505
123.533	1.00887
123.683	1.00229
123.833	0.996135
123.983	0.990988
124.133	0.987087
124.283	0.984449
124.433	0.982994
124.583	0.982665
124.733	0.983495
124.883	0.985604
125.033	0.989127
125.183	0.994087
125.333	1.00024
125.483	1.00697
125.633	1.01341
125.783	1.01853
125.933	1.02143
126.083	1.02161
126.233	1.01905
126.383	1.01427
126.533	1.00812
126.683	1.00157
126.833	0.995439
126.983	0.990311
127.133	0.986429
127.283	0.983807
127.433	0.982363
127.583	0.982037
127.733	0.982862
127.883	0.98496
128.033	0.988465
128.183	0.9934
128.333	0.999525
128.483	1.00626
128.633	1.01269
128.783	1.01779
128.933	1.02069
129.083	1.02086
129.233	1.0183
129.383	1.01353
129.533	1.0074
129.683	1.00087
129.833	0.994772
129.983	0.989661
130.133	0.985784
130.283	0.983177
130.433	0.981743
130.583	0.98142
130.733	0.982241
130.883	0.984328
131.033	0.987817
131.183	0.992729
131.333	0.998827
131.483	1.00553
131.633	1.01196
131.783	1.01709
131.933	1.01998
132.083	1.02014
132.233	1.01758
132.383	1.01282
132.533	1.0067
132.683	1.00019
132.833	0.994122
132.983	0.989039
133.133	0.985185
133.283	0.982575
133.433	0.981135
133.583	0.980815
133.733	0.981633
133.883	0.98371
134.033	0.987183
134.183	0.992075
134.333	0.998151
134.483	1.00482
134.633	1.01123
134.783	1.01635
134.933	1.01928
135.083	1.01946
135.233	1.0169
135.383	1.01213
135.533	1.00603
135.683	0.99954
135.833	0.993491
135.983	0.988432
136.133	0.9846
136.283	0.982007
136.433	0.980571
136.583	0.980233
136.733	0.981038
136.883	0.983105
137.033	0.986565
137.183	0.99144
137.333	0.997496
137.483	1.00415
137.633	1.01053
137.783	1.01563
137.933	1.01854
138.083	1.01875
138.233	1.01624
138.383	1.01148
138.533	1.00538
138.683	0.998906
138.833	0.992875
138.983	0.987838
139.133	0.984026
139.283	0.98145
139.433	0.980024
139.583	0.979689
139.733	0.980479
139.883	0.982517
140.033	0.985962
140.183	0.990822
140.333	0.996863
140.483	1.0035
140.633	1.00986
140.783	1.01494
140.933	1.01784
141.083	1.01804
141.233	1.01553
141.383	1.01082
141.533	1.00476
141.683	0.99829
141.833	0.992275
141.983	0.987257
142.133	0.983464
142.283	0.980902
142.433	0.979487
142.583	0.979155
142.733	0.979941
142.883	0.98197
143.033	0.985386
143.183	0.990223
143.333	0.996251
143.483	1.00287
143.633	1.00922
143.783	1.01429
143.933	1.01718
144.083	1.01737
144.233	1.01486
144.383	1.01016
144.533	1.00412
144.683	0.997688
144.833	0.99169
144.983	0.986688
145.133	0.982912
145.283	0.980365
145.433	0.978958
145.583	0.97863
145.733	0.979413
145.883	0.981432
146.033	0.984833
146.183	0.989647
146.333	0.995655
146.483	1.00227
146.633	1.00861
146.783	1.01367
146.933	1.01655
147.083	1.01673
147.233	1.01423
147.383	1.00954
147.533	1.00351
147.683	0.997101
147.833	0.991129
147.983	0.986139
148.133	0.982371
148.283	0.979837
148.433	0.978439
148.583	0.978114
148.733	0.978894
148.883	0.980905
149.033	0.984291
149.183	0.989086
149.333	0.99507
149.483	1.00167
149.633	1.00802
149.783	1.01308
149.933	1.01595
150.083	1.01613
150.233	1.01363
150.383	1.00894
150.533	1.00292
150.683	0.996535
150.833	0.990586
150.983	0.98562
151.133	0.981864
151.283	0.979325
151.433	0.97793
151.583	0.977608
151.733	0.978385
151.883	0.980388
152.033	0.983761
152.183	0.988539
152.333	0.994502
152.383	0.996649
152.453	0.999727
152.539	1.00348
152.638	1.00757
152.747	1.01136
152.864	1.01434
152.988	1.01571
153.117	1.01516
153.25	1.01258
153.386	1.00822
153.526	1.00266
153.667	0.996641
153.81	0.990889
153.955	0.985941
154.1	0.982075
154.247	0.979353
154.394	0.977721
154.542	0.97712
154.69	0.977564
154.839	0.979164
154.987	0.982076
155.136	0.986389
155.286	0.991985
155.385	0.996207
155.495	1.00103
155.613	1.006
155.737	1.01052
155.866	1.01379
156	1.01517
156.137	1.01433
156.276	1.01129
156.418	1.00647
156.561	1.00061
156.705	0.994509
156.851	0.988875
156.998	0.984185
157.145	0.980641
157.293	0.978251
157.441	0.976938
157.589	0.976654
157.738	0.977449
157.887	0.979466
158.037	0.982839
158.186	0.987603
158.336	0.993535
158.385	0.995683
158.455	0.998753
158.541	1.00248
158.64	1.0065
158.749	1.01032
158.866	1.01318
158.99	1.01454
159.119	1.014
159.252	1.01141
159.389	1.00705
159.528	1.00149
159.669	0.995493
159.813	0.989779
159.957	0.984873
160.103	0.981046
160.249	0.978361
160.396	0.97676
160.544	0.97618
160.692	0.976637
160.841	0.978242
160.99	0.981153
161.139	0.985457
161.288	0.991033
161.395	0.995565
161.509	1.00055
161.63	1.00559
161.757	1.01004
161.889	1.01306
162.024	1.01407
162.163	1.01281
162.303	1.00939
162.446	1.00431
162.59	0.99835
162.735	0.992302
162.881	0.986853
163.028	0.982412
163.175	0.97913
163.324	0.976984
163.472	0.975892
163.621	0.975833
163.77	0.976869
163.919	0.979137
164.068	0.982778
164.218	0.987784
164.367	0.993869
164.517	1.00039
164.667	1.00646
164.816	1.01107
164.966	1.01339
165.116	1.013
165.266	1.01001
165.416	1.00498
165.566	0.99887
165.716	0.992593
165.866	0.986917
166.016	0.982296
166.166	0.978889
166.316	0.976662
166.466	0.975518
166.616	0.97541
166.766	0.976397
166.916	0.978624
167.066	0.982245
167.216	0.987239
167.366	0.993319
167.516	0.999842
167.666	1.00591
167.816	1.01052
167.966	1.01284
168.116	1.01246
168.266	1.00948
168.416	1.0045
168.566	0.998412
168.716	0.992138
168.866	0.986471
169.016	0.981863
169.166	0.978468
169.316	0.976251
169.466	0.975114
169.616	0.975008
169.766	0.975992
169.916	0.978209
170.066	0.981803
170.216	0.986781
170.366	0.992852
170.516	0.999366
170.666	1.00542
170.816	1.01002
170.966	1.01233
171.116	1.01195
171.266	1.00897
171.416	1.004
171.566	0.997932
171.716	0.991683
171.866	0.986027
172.016	0.981431
172.166	0.97805
172.316	0.975844
172.466	0.974713
172.616	0.974609
172.766	0.97559
172.916	0.977799
173.066	0.98138
173.216	0.986338
173.366	0.992398
173.516	0.99891
173.666	1.00496
173.816	1.00955
173.966	1.01185
174.116	1.01146
174.266	1.00848
174.416	1.00352
174.566	0.997467
174.716	0.991239
174.866	0.985602
175.016	0.981011
175.166	0.977638
175.316	0.975441
175.466	0.974317
175.616	0.974215
175.766	0.975193
175.916	0.977395
176.066	0.980964
176.216	0.985905
176.366	0.991944
176.516	0.998445
176.666	1.00452
176.816	1.00911
176.966	1.0114
177.116	1.011
177.266	1.00802
177.416	1.00306
177.566	0.997021
177.716	0.990809
177.866	0.985192
178.016	0.980621
178.166	0.977251
178.316	0.975046
178.466	0.973927
178.616	0.973826
178.766	0.974802
178.916	0.976997
179.066	0.980556
179.216	0.985484
179.366	0.991505
179.516	0.997984
179.666	1.00403
179.816	1.00864
179.966	1.01098
180.116	1.01057
180.266	1.00759
180.416	1.00263
180.566	0.996593
180.716	0.990393
180.866	0.984792
181.016	0.980238
181.166	0.976884
181.316	0.974691
181.466	0.973559
181.616	0.973445
181.766	0.974418
181.916	0.976608
182.066	0.980158
182.216	0.985073
182.366	0.99108
182.416	0.993219
182.483	0.996133
182.567	0.999678
182.664	1.00348
182.771	1.00701
182.887	1.00958
183.01	1.01061
183.139	1.00979
183.271	1.00699
183.407	1.00253
183.546	0.996989
183.687	0.991125
183.83	0.985625
183.975	0.980969
184.12	0.977387
184.266	0.974906
184.414	0.973468
184.561	0.973011
184.709	0.97356
184.858	0.97524
185.007	0.978212
185.156	0.98256
185.305	0.988141
185.419	0.992946
185.539	0.998099
185.665	1.00309
185.796	1.00721
185.93	1.00973
186.068	1.01009
186.208	1.00814
186.351	1.00413
186.494	0.998717
186.639	0.99271
186.785	0.986896
186.932	0.981866
187.079	0.977923
187.227	0.975129
187.376	0.973418
187.524	0.972707
187.673	0.972996
187.822	0.974384
187.972	0.977033
188.121	0.981061
188.271	0.986391
188.421	0.99263
188.57	0.999039
188.72	1.00463
188.87	1.00844
189.02	1.00979
189.17	1.00844
189.319	1.0047
189.469	0.999287
189.619	0.993136
189.769	0.98712
189.919	0.981896
190.069	0.977797
190.219	0.974893
190.369	0.973121
190.519	0.972372
190.669	0.972632
190.819	0.973996
190.969	0.976624
191.119	0.980633
191.269	0.985947
191.419	0.992174
191.569	0.998578
191.719	1.0042
191.869	1.00806
192.019	1.00941
192.169	1.00806
192.319	1.00432
192.469	0.998913
192.619	0.992769
192.769	0.986765
192.919	0.981555
193.069	0.97747
193.219	0.974575
193.369	0.972792
193.519	0.972036
193.669	0.972295
193.819	0.973656
193.969	0.976278
194.119	0.980277
194.269	0.985579
194.419	0.991791
194.569	0.998175
194.719	1.00378
194.869	1.00764
195.019	1.00903
195.169	1.0077
195.319	1.00395
195.469	0.998544
195.619	0.992405
195.769	0.986412
195.919	0.981216
196.069	0.977145
196.219	0.974263
196.369	0.972489
196.519	0.971729
196.669	0.97197
196.819	0.973321
196.969	0.975938
197.119	0.97993
197.269	0.985222
197.419	0.991422
197.569	0.997793
197.719	1.00338
197.869	1.00722
198.019	1.00861
198.169	1.0073
198.319	1.0036
198.469	0.998192
198.619	0.992053
198.769	0.986067
198.919	0.980883
199.069	0.976824
199.219	0.973953
199.369	0.972188
199.519	0.971433
199.669	0.971675
199.819	0.973011
199.969	0.975606
200.119	0.979591
200.269	0.984877
200.419	0.991069
200.569	0.997429
200.719	1.00301
200.869	1.00683
201.019	1.00821
201.169	1.0069
201.319	1.0032
201.469	0.99783
201.619	0.991713
201.769	0.985731
201.919	0.980555
202.069	0.976507
202.219	0.973647
202.369	0.971889
202.519	0.971139
202.669	0.971383
202.819	0.972716
202.969	0.975303
203.119	0.979267
203.269	0.984543
203.419	0.990731
203.569	0.997085
203.719	1.00266
203.869	1.00647
204.019	1.00784
204.169	1.00653
204.319	1.00283
204.469	0.997467
204.619	0.991367
204.769	0.985404
204.919	0.980233
205.069	0.976195
205.219	0.973344
205.369	0.971594
205.519	0.970848
205.669	0.971092
205.819	0.972423
205.969	0.975004
206.119	0.978957
206.269	0.984217
206.419	0.9904
206.569	0.99676
206.719	1.00233
206.869	1.00614
207.019	1.0075
207.169	1.00618
207.319	1.00248
207.469	0.997123
207.619	0.991035
207.769	0.985089
207.919	0.979932
208.069	0.975893
208.219	0.973044
208.369	0.971301
208.519	0.97056
208.669	0.970805
208.819	0.972133
208.969	0.974708
209.119	0.978652
209.269	0.983898
209.419	0.990063
209.569	0.996415
209.719	1.00201
209.869	1.00583
210.019	1.00718
210.169	1.00585
210.319	1.00215
210.469	0.996797
210.619	0.990717
210.769	0.984783
210.919	0.979642
211.069	0.975618
211.219	0.97277
211.369	0.971016
211.519	0.970276
211.669	0.970521
211.819	0.971847
211.969	0.974417
212.119	0.978354
212.269	0.983589
212.419	0.989739
212.569	0.996073
212.719	1.00164
212.869	1.00548
213.019	1.00688
213.169	1.00555
213.319	1.00184
213.469	0.996487
213.619	0.990411
213.769	0.984487
213.919	0.979358
214.069	0.975347
214.219	0.972511
214.369	0.970765
214.519	0.970013
214.669	0.970242
214.819	0.971566
214.969	0.974132
215.119	0.978062
215.269	0.983289
215.419	0.989429
215.569	0.995748
215.719	1.0013
215.869	1.00513
216.019	1.00652
216.169	1.00523
216.319	1.00155
216.469	0.996192
216.619	0.990116
216.769	0.984198
216.919	0.97908
217.069	0.975079
217.219	0.972253
217.369	0.970515
217.519	0.969768
217.669	0.969997
217.819	0.9713
217.969	0.973852
218.119	0.977778
218.269	0.982999
218.419	0.989132
218.569	0.995442
218.719	1.00099
218.869	1.0048
219.019	1.00618
219.169	1.00489
219.319	1.00122
219.469	0.995898
219.619	0.989831
219.769	0.983917
219.919	0.978805
220.069	0.974815
220.219	0.971998
220.369	0.970267
220.519	0.969524
220.669	0.969754
220.819	0.971056
220.969	0.973597
221.119	0.977504
221.269	0.98272
221.419	0.988849
221.569	0.995153
221.719	1.00069
221.869	1.00449
222.019	1.00586
222.169	1.00457
222.319	1.0009
222.469	0.995589
222.619	0.989544
222.769	0.983642
222.919	0.978536
223.069	0.974553
223.219	0.971744
223.369	0.97002
223.519	0.969281
223.669	0.969513
223.819	0.970813
223.969	0.973348
224.119	0.977246
224.269	0.982447
224.419	0.988578
224.569	0.994882
224.719	1.00041
224.869	1.00421
225.019	1.00557
225.169	1.00427
225.319	1.00061
225.469	0.995298
225.619	0.989264
225.769	0.983378
225.919	0.978281
226.069	0.974294
226.219	0.971493
226.369	0.969775
226.519	0.969041
226.669	0.969274
226.819	0.970572
226.969	0.973102
227.119	0.976992
227.269	0.982181
227.419	0.988294
227.569	0.994602
227.719	1.00016
227.869	1.00395
228.019	1.0053
228.169	1.004
228.319	1.00033
228.469	0.995023
228.619	0.988997
228.769	0.983123
228.919	0.97804
229.069	0.974066
229.219	0.971258
229.369	0.969533
229.519	0.968802
229.669	0.969036
229.819	0.970333
229.969	0.97286
230.119	0.976743
230.269	0.981922
230.419	0.988021
230.569	0.994312
230.719	0.999855
230.869	1.00368
231.019	1.00506
231.169	1.00375
231.319	1.00007
231.469	0.994763
231.619	0.98874
231.769	0.982875
231.919	0.977803
232.069	0.973842
232.219	0.971044
232.369	0.969321
232.519	0.968575
232.669	0.968802
232.819	0.970097
232.969	0.972621
233.119	0.976499
233.269	0.981671
233.419	0.98776
233.569	0.994037
233.719	0.999565
233.869	1.00338
234.019	1.00477
234.169	1.0035
234.319	0.99983
234.469	0.994517
234.619	0.988494
234.769	0.982634
234.919	0.977571
235.069	0.973619
235.219	0.970831
235.369	0.969115
235.519	0.968374
235.669	0.968592
235.819	0.969868
235.969	0.972386
236.119	0.976261
236.269	0.981428
236.419	0.987511
236.569	0.993778
236.719	0.999294
236.869	1.00309
237.019	1.00447
237.169	1.0032
237.319	0.999565
237.469	0.994282
237.619	0.988257
237.769	0.982399
237.919	0.977342
238.069	0.973399
238.219	0.970618
238.369	0.96891
238.519	0.968173
238.669	0.968392
238.819	0.969668
238.969	0.972169
239.119	0.976029
239.269	0.981194
239.419	0.987274
239.569	0.993536
239.719	0.999044
239.869	1.00283
240.019	1.0042
240.169	1.00293
240.319	0.999292
240.469	0.994018
240.619	0.988019
240.769	0.982168
240.919	0.977116
241.069	0.97318
241.219	0.970407
241.369	0.968704
241.519	0.967971
241.669	0.968193
241.819	0.969467
241.969	0.971964
242.119	0.975815
242.269	0.980967
242.419	0.987049
242.569	0.99331
242.719	0.998813
242.869	1.00259
243.019	1.00396
243.169	1.00268
243.319	0.999039
243.469	0.993771
243.619	0.987783
243.769	0.981947
243.919	0.976899
244.069	0.972963
244.219	0.970197
244.369	0.9685
244.519	0.967771
244.669	0.967993
244.819	0.969267
244.969	0.97176
245.119	0.975604
245.269	0.980745
245.419	0.986814
245.569	0.993088
245.719	0.998602
245.869	1.00238
246.019	1.00374
246.169	1.00245
246.319	0.998806
246.469	0.993539
246.619	0.987558
246.769	0.981734
246.919	0.976699
247.069	0.972768
247.219	0.969993
247.369	0.968297
247.519	0.967571
247.669	0.967795
247.819	0.969067
247.969	0.971557
248.119	0.975396
248.269	0.980528
248.419	0.986584
248.569	0.99284
248.719	0.99836
248.869	1.00218
249.019	1.00353
249.169	1.00224
249.319	0.99859
249.469	0.993321
249.619	0.987343
249.769	0.981527
249.919	0.976503
250.069	0.972583
250.219	0.969817
250.369	0.968114
250.519	0.967373
250.669	0.967598
250.819	0.96887
250.969	0.971358
251.119	0.975192
251.269	0.980317
251.419	0.986364
251.569	0.992606
251.719	0.99811
251.869	1.00191
252.019	1.00331
252.169	1.00205
252.319	0.99839
252.469	0.993115
252.619	0.987137
252.769	0.981326
252.919	0.976309
253.069	0.972399
253.219	0.969641
253.369	0.967945
253.519	0.967209
253.669	0.967417
253.819	0.968675
253.969	0.971161
254.119	0.974993
254.269	0.980114
254.419	0.986155
254.569	0.992387
254.719	0.997879
254.869	1.00167
255.019	1.00305
255.169	1.00179
255.319	0.998181
255.469	0.992921
255.619	0.986939
255.769	0.981129
255.919	0.976119
256.069	0.972216
256.219	0.969466
256.369	0.967775
256.519	0.967043
256.669	0.967254
256.819	0.968507
256.969	0.970974
257.119	0.974799
257.269	0.979919
257.419	0.985957
257.569	0.992184
257.719	0.997667
257.869	1.00145
258.019	1.00282
258.169	1.00156
258.319	0.997946
258.469	0.992706
258.619	0.986745
258.769	0.980937
258.919	0.97593
259.069	0.972033
259.219	0.96929
259.369	0.967605
259.519	0.966877
259.669	0.967089
259.819	0.968341
259.969	0.970806
260.119	0.974618
260.269	0.97973
260.419	0.985769
260.569	0.991995
260.719	0.997474
260.869	1.00124
261.019	1.00261
261.169	1.00134
261.319	0.99773
261.469	0.992495
261.619	0.986545
261.769	0.980751
261.919	0.975744
262.069	0.971851
262.219	0.969114
262.369	0.967434
262.519	0.96671
262.669	0.966924
262.819	0.968176
262.969	0.970637
263.119	0.974443
263.269	0.979544
263.419	0.985578
263.569	0.99182
263.719	0.997299
263.869	1.00106
264.019	1.00242
264.169	1.00115
264.319	0.997532
264.469	0.992298
264.619	0.986356
264.769	0.980573
264.919	0.975578
265.069	0.971683
265.219	0.968939
265.369	0.967264
265.519	0.966542
265.669	0.966758
265.819	0.96801
265.969	0.970469
266.119	0.97427
266.269	0.979362
266.419	0.985384
266.569	0.99161
266.719	0.997111
266.869	1.0009
267.019	1.00226
267.169	1.00097
267.319	0.997351
267.469	0.992115
267.619	0.986175
267.769	0.9804
267.919	0.975415
268.069	0.97153
268.219	0.968791
268.369	0.967105
268.519	0.966376
268.669	0.966593
268.819	0.967845
268.969	0.970302
269.119	0.9741
269.269	0.979186
269.419	0.985198
269.569	0.99141
269.719	0.996896
269.869	1.00069
270.019	1.00209
270.169	1.00082
270.319	0.997185
270.469	0.991943
270.619	0.986003
270.769	0.980232
270.919	0.975255
271.069	0.971378
271.219	0.968647
271.369	0.966966
271.519	0.966234
271.669	0.966435
271.819	0.967681
271.969	0.970138
272.119	0.973933
272.269	0.979016
272.419	0.985022
272.476	0.987406
272.552	0.990525
272.643	0.99404
272.745	0.997529
272.857	1.00023
272.977	1.00173
273.102	1.00151
273.233	0.999317
273.367	0.995442
273.505	0.990384
273.645	0.984816
273.787	0.979437
273.93	0.97477
274.075	0.971095
274.221	0.968473
274.368	0.966837
274.515	0.966107
274.663	0.966277
274.812	0.96745
274.96	0.9698
275.109	0.973473
275.258	0.978446
275.408	0.98438
275.472	0.987057
275.553	0.990399
275.648	0.994057
275.754	0.997603
275.869	1.00026
275.99	1.00161
276.118	1.00117
276.25	0.998741
276.385	0.99465
276.524	0.98946
276.665	0.983864
276.807	0.978551
276.951	0.974012
277.097	0.970491
277.243	0.96802
277.39	0.966523
277.538	0.965924
277.686	0.966234
277.834	0.967569
277.983	0.970112
278.132	0.973994
278.281	0.979138
278.43	0.985155
278.58	0.991309
278.729	0.996667
278.879	1.00028
279.029	1.00148
279.179	1.00007
279.328	0.99636
279.478	0.991086
279.628	0.985153
279.778	0.979425
279.928	0.974523
280.078	0.970734
280.228	0.968086
280.378	0.966478
280.528	0.96581
280.678	0.966071
280.828	0.967368
280.978	0.969878
281.128	0.973732
281.278	0.978871
281.428	0.984906
281.578	0.991084
281.728	0.996467
281.878	1.0001
282.028	1.00132
282.178	0.999911
282.328	0.996205
282.478	0.990935
282.628	0.985009
282.778	0.979289
282.928	0.974381
283.078	0.970592
283.228	0.967947
283.378	0.966342
283.528	0.965676
283.678	0.965938
283.828	0.967236
283.978	0.969743
284.128	0.973591
284.278	0.97872
284.428	0.984752
284.578	0.990948
284.728	0.99633
284.878	0.999961
285.028	1.00117
285.178	0.999756
285.328	0.996046
285.478	0.990777
285.628	0.984857
285.778	0.979146
285.928	0.97425
286.078	0.970457
286.228	0.967805
286.378	0.966204
286.528	0.965541
286.678	0.965804
286.828	0.967102
286.978	0.969607
287.128	0.973451
287.278	0.978573
287.428	0.984593
287.578	0.990774
287.728	0.996181
287.878	0.999838
288.028	1.00104
288.178	0.999618
288.328	0.995901
288.478	0.990629
288.628	0.984712
288.778	0.979008
288.928	0.97412
289.078	0.970336
289.228	0.967688
289.378	0.966074
289.528	0.965405
289.678	0.96567
289.828	0.966967
289.978	0.969472
290.128	0.973313
290.278	0.97843
290.428	0.984441
290.578	0.99061
290.728	0.996001
290.878	0.999661
291.028	1.00091
291.178	0.999496
291.328	0.99577
291.478	0.990492
291.628	0.984573
291.778	0.978872
291.928	0.973991
292.078	0.970215
292.228	0.967573
292.378	0.965965
292.528	0.965291
292.678	0.96554
292.828	0.966833
292.978	0.969337
293.128	0.973178
293.278	0.978292
293.428	0.984298
293.578	0.990458
293.728	0.995837
293.878	0.999484
294.028	1.00072
294.178	0.999335
294.328	0.995647
294.478	0.990364
294.628	0.98444
294.778	0.97874
294.928	0.973863
295.078	0.970092
295.228	0.967457
295.378	0.965854
295.528	0.965183
295.678	0.965435
295.828	0.966716
295.978	0.969204
296.128	0.973045
296.278	0.978159
296.428	0.984164
296.478	0.986254
296.545	0.989016
296.629	0.9923
296.726	0.995615
296.834	0.998519
296.95	1.00023
297.073	1.00041
297.201	0.998764
297.334	0.995312
297.47	0.990527
297.609	0.98507
297.75	0.979634
297.893	0.974793
298.037	0.970885
298.182	0.96802
298.329	0.966151
298.476	0.96519
298.623	0.965108
298.772	0.965977
298.92	0.967968
299.069	0.97125
299.218	0.97585
299.367	0.981532
299.481	0.98624
299.602	0.991115
299.729	0.995579
299.86	0.998901
299.996	1.00042
300.134	0.999739
300.274	0.996901
300.417	0.992367
300.561	0.986852
300.706	0.981151
300.852	0.975951
300.999	0.971681
301.146	0.968505
301.294	0.966386
301.443	0.96522
301.591	0.964947
301.74	0.965612
301.89	0.967363
302.039	0.970375
302.188	0.974723
302.338	0.980233
302.48	0.986085
302.625	0.991854
302.77	0.996652
302.916	0.999623
303.063	1.0002
303.21	0.998282
303.358	0.994248
303.507	0.988849
303.656	0.982961
303.805	0.977422
303.954	0.972764
304.103	0.969219
304.253	0.966784
304.402	0.965351
304.552	0.964832
304.702	0.965237
304.852	0.96669
305.001	0.969372
305.151	0.973398
305.301	0.978672
305.451	0.984746
305.601	0.990835
305.751	0.995987
305.901	0.999276
306.051	1.00009
306.201	0.998316
306.351	0.994339
306.501	0.988942
306.651	0.98303
306.801	0.977439
306.951	0.97273
307.101	0.969151
307.251	0.966696
307.401	0.965252
307.551	0.964727
307.701	0.965127
307.851	0.966576
308.001	0.969253
308.151	0.973272
308.301	0.978536
308.451	0.984617
308.601	0.990721
308.751	0.995876
308.901	0.999164
309.051	0.999975
309.201	0.998193
309.351	0.994214
309.501	0.988818
309.651	0.982911
309.801	0.97733
309.951	0.972626
310.101	0.969039
310.251	0.966583
310.401	0.965142
310.551	0.964619
310.701	0.965021
310.851	0.966471
311.001	0.969146
311.151	0.973162
311.301	0.978418
311.451	0.984487
311.601	0.99059
311.751	0.995776
311.901	0.999071
312.051	0.999876
312.201	0.998085
312.351	0.994099
312.501	0.988701
312.651	0.982797
312.801	0.977222
312.951	0.972526
313.101	0.968948
313.251	0.966487
313.401	0.965033
313.551	0.964511
313.701	0.964914
313.851	0.966364
314.001	0.969039
314.151	0.973052
314.301	0.978304
314.451	0.984364
314.601	0.990454
314.751	0.995624
314.901	0.998945
315.051	0.999793
315.201	0.997992
315.351	0.993997
315.501	0.988593
315.651	0.982688
315.801	0.977117
315.951	0.972427
316.101	0.968855
316.251	0.9664
316.401	0.964951
316.551	0.964416
316.701	0.964807
316.851	0.966257
317.001	0.968932
317.151	0.972945
317.301	0.978195
317.451	0.984249
317.601	0.99033
317.751	0.995488
317.901	0.998795
318.051	0.999636
318.201	0.99788
318.351	0.993906
318.501	0.988493
318.651	0.982584
318.801	0.977013
318.951	0.972327
319.101	0.96876
319.251	0.96631
319.401	0.964866
319.551	0.964335
319.701	0.964725
319.851	0.966159
320.001	0.968826
320.151	0.97284
320.301	0.97809
320.451	0.984143
320.601	0.990218
320.751	0.995368
320.901	0.998665
321.051	0.999496
321.201	0.997737
321.351	0.993776
321.501	0.988391
321.651	0.982483
321.801	0.97691
321.951	0.972226
322.101	0.968663
322.251	0.966218
322.401	0.964778
322.551	0.96425
322.701	0.964642
322.851	0.966077
323.001	0.968737
323.151	0.97274
323.301	0.977991
323.451	0.984045
323.601	0.990119
323.751	0.995264
323.901	0.998553
324.051	0.999376
324.201	0.997611
324.351	0.993649
324.501	0.98827
324.651	0.982378
324.801	0.976809
324.951	0.972124
325.101	0.968565
325.251	0.966124
325.401	0.964687
325.551	0.964162
325.701	0.964556
325.851	0.965992
326.001	0.96865
326.151	0.972649
326.301	0.977892
326.451	0.983956
326.601	0.990033
326.751	0.995176
326.901	0.99846
327.051	0.999275
327.201	0.997502
327.351	0.993538
327.501	0.988161
327.651	0.982275
327.801	0.976716
327.951	0.972032
328.101	0.968464
328.251	0.966027
328.401	0.964594
328.551	0.964072
328.701	0.964468
328.851	0.965905
329.001	0.968562
329.151	0.972557
329.301	0.977793
329.451	0.983844
329.601	0.989934
329.751	0.995103
329.901	0.998384
330.051	0.999191
330.201	0.99741
330.351	0.99344
330.501	0.988061
330.651	0.982178
330.801	0.976626
330.951	0.97195
331.101	0.968389
331.251	0.965941
331.401	0.9645
331.551	0.96398
331.701	0.964378
331.851	0.965815
332.001	0.968473
332.151	0.972466
332.301	0.977697
332.451	0.983738
332.601	0.989815
332.751	0.994978
332.901	0.998297
333.051	0.999125
333.201	0.997334
333.351	0.993355
333.501	0.987971
333.651	0.982087
333.801	0.976538
333.951	0.971868
334.101	0.968313
334.251	0.965871
334.401	0.964429
334.551	0.963894
334.701	0.964287
334.851	0.965725
335.001	0.968383
335.151	0.972376
335.301	0.977605
335.451	0.98364
335.601	0.989707
335.751	0.994857
335.901	0.998163
336.051	0.999007
336.201	0.99726
336.351	0.993281
336.501	0.987888
336.651	0.982
336.801	0.976451
336.951	0.971785
337.101	0.968235
337.251	0.965798
337.401	0.96436
337.551	0.96383
337.701	0.964214
337.851	0.965637
338.001	0.968294
338.151	0.972288
338.301	0.977517
338.451	0.983551
338.601	0.989612
338.751	0.994752
338.901	0.998047
339.051	0.998882
339.201	0.997131
339.351	0.993182
339.501	0.987812
339.651	0.981916
339.801	0.976365
339.951	0.971701
340.101	0.968155
340.251	0.965723
340.401	0.964289
340.551	0.963761
340.701	0.964148
340.851	0.965571
341.001	0.968216
341.151	0.972202
341.301	0.977434
341.451	0.983469
341.601	0.989528
341.751	0.994663
341.901	0.99795
342.051	0.998776
342.201	0.997019
342.351	0.99307
342.501	0.987706
342.651	0.981831
342.801	0.97628
342.951	0.971616
343.101	0.968073
343.251	0.965644
343.401	0.964214
343.551	0.963689
343.701	0.964078
343.851	0.965503
344.001	0.968146
344.151	0.972127
344.301	0.977353
344.451	0.983396
344.601	0.989457
344.751	0.99459
344.901	0.99787
345.051	0.998689
345.201	0.996925
345.351	0.992973
345.501	0.987611
345.651	0.981743
345.801	0.976201
345.951	0.971534
346.101	0.967988
346.251	0.965563
346.401	0.964136
346.551	0.963614
346.701	0.964005
346.851	0.965431
347.001	0.968073
347.151	0.972051
347.301	0.97727
347.451	0.983306
347.601	0.989386
347.751	0.994531
347.901	0.997808
348.051	0.998619
348.201	0.996846
348.351	0.992889
348.501	0.987526
348.651	0.981661
348.801	0.976126
348.951	0.971468
349.101	0.967921
349.251	0.965483
349.401	0.964056
349.551	0.963537
349.701	0.963929
349.851	0.965356
350.001	0.967999
350.151	0.971975
350.301	0.977189
350.451	0.983216
350.601	0.989282
350.751	0.994439
350.901	0.997758
351.051	0.998565
351.201	0.996784
351.351	0.992818
351.501	0.98745
351.651	0.981585
351.801	0.976053
351.951	0.9714
352.101	0.96786
352.251	0.965428
352.401	0.963992
352.551	0.963459
352.701	0.963852
352.851	0.965281
353.001	0.967924
353.151	0.9719
353.301	0.977111
353.451	0.983132
353.601	0.989188
353.751	0.994331
353.901	0.997636
354.051	0.998484
354.201	0.996734
354.351	0.992757
354.501	0.987381
354.651	0.981512
354.801	0.975982
354.951	0.971332
355.101	0.967797
355.251	0.96537
355.401	0.963938
355.551	0.963407
355.701	0.963786
355.851	0.965204
356.001	0.967849
356.151	0.971826
356.301	0.977038
356.451	0.983056
356.601	0.989105
356.751	0.994239
356.901	0.997533
357.051	0.998371
357.201	0.996626
357.351	0.992687
357.501	0.987319
357.651	0.981443
357.801	0.97591
357.951	0.971263
358.101	0.967731
358.251	0.965308
358.401	0.96388
358.551	0.963352
358.701	0.963734
358.851	0.965148
359.001	0.967779
359.151	0.971754
359.301	0.976969
359.451	0.982988
359.601	0.989034
359.751	0.994162
359.901	0.997447
360.051	0.998276
360.201	0.996526
360.351	0.992588
360.501	0.987236
360.651	0.981374
360.801	0.975839
360.951	0.971191
361.101	0.967662
361.251	0.965243
361.401	0.963818
361.551	0.963294
361.701	0.963678
361.851	0.965093
362.001	0.967724
362.151	0.97169
362.301	0.976903
362.451	0.982927
362.601	0.988975
362.751	0.9941
362.901	0.997378
363.051	0.998199
363.201	0.996443
363.351	0.992502
363.501	0.987153
363.651	0.981299
363.801	0.975772
363.951	0.971119
364.101	0.967591
364.251	0.965175
364.401	0.963754
364.551	0.963232
364.701	0.963618
364.851	0.965035
365.001	0.967665
365.151	0.971628
365.301	0.976833
365.451	0.982858
365.601	0.988927
365.751	0.994053
365.901	0.997326
366.051	0.99814
366.201	0.996376
366.351	0.992429
366.501	0.98708
366.651	0.981229
366.801	0.975709
366.951	0.971064
367.101	0.96753
367.251	0.965105
367.401	0.963686
367.551	0.963167
367.701	0.963555
367.851	0.964973
368.001	0.967604
368.151	0.971566
368.301	0.976765
368.451	0.98278
368.601	0.988838
368.751	0.993991
368.901	0.99729
369.051	0.998097
369.201	0.996323
369.351	0.992369
369.501	0.987015
369.651	0.981165
369.801	0.975649
369.951	0.97101
370.101	0.967481
370.251	0.965058
370.401	0.963626
370.551	0.963101
370.701	0.96349
370.851	0.96491
371.001	0.967541
371.151	0.971503
371.301	0.9767
371.451	0.982708
371.601	0.988755
371.751	0.993894
371.901	0.997199
372.051	0.99805
372.201	0.996285
372.351	0.99232
372.501	0.986958
372.651	0.981104
372.801	0.975589
372.951	0.970954
373.101	0.96743
373.251	0.965012
373.401	0.963584
373.551	0.963053
373.701	0.963428
373.851	0.964845
374.001	0.967478
374.151	0.971441
374.301	0.976638
374.451	0.982643
374.601	0.988683
374.751	0.993811
374.901	0.997104
375.051	0.997946
375.201	0.996207
375.351	0.992277
375.501	0.986907
375.651	0.981047
375.801	0.97553
375.951	0.970897
376.101	0.967377
376.251	0.964962
376.401	0.963538
376.551	0.963011
376.701	0.963388
376.851	0.964794
377.001	0.967415
377.151	0.97138
377.301	0.97658
377.451	0.982586
377.601	0.988622
377.751	0.993744
377.901	0.997027
378.051	0.99786
378.201	0.996116
378.351	0.992186
378.501	0.986844
378.651	0.980992
378.801	0.97547
378.951	0.970837
379.101	0.96732
379.251	0.964908
379.401	0.963488
379.551	0.962964
379.701	0.963343
379.851	0.964751
380.001	0.967371
380.151	0.971325
380.301	0.976526
380.451	0.982536
380.601	0.988573
380.751	0.993691
380.901	0.996967
381.051	0.997792
381.201	0.996041
381.351	0.992109
381.501	0.986771
381.651	0.980928
381.801	0.975413
381.951	0.970776
382.101	0.96726
382.251	0.964851
382.401	0.963434
382.551	0.962913
382.701	0.963295
382.851	0.964704
383.001	0.967324
383.151	0.971275
383.301	0.976468
383.451	0.982485
383.601	0.988534
383.751	0.993652
383.901	0.996924
384.051	0.99774
384.201	0.995982
384.351	0.992046
384.501	0.986707
384.651	0.980869
384.801	0.975361
384.951	0.970727
385.101	0.967202
385.251	0.964792
385.401	0.963377
385.551	0.962859
385.701	0.963243
385.851	0.964653
386.001	0.967274
386.151	0.971223
386.301	0.976411
386.451	0.982417
386.601	0.988468
386.751	0.993619
386.901	0.996896
387.051	0.997705
387.201	0.995939
387.351	0.991994
387.501	0.986652
387.651	0.980815
387.801	0.975311
387.951	0.970683
388.101	0.967164
388.251	0.964748
388.401	0.963319
388.551	0.962802
388.701	0.963188
388.851	0.9646
389.001	0.967222
389.151	0.971171
389.301	0.976356
389.451	0.982355
389.601	0.988394
389.751	0.99353
389.901	0.996836
390.051	0.997686
390.201	0.995908
390.351	0.991954
390.501	0.986604
390.651	0.980764
390.801	0.975262
390.951	0.970638
391.101	0.967124
391.251	0.964712
391.401	0.963288
391.551	0.962757
391.701	0.963132
391.851	0.964546
392.001	0.967169
392.151	0.971119
392.301	0.976304
392.451	0.982299
392.601	0.988331
392.751	0.993456
392.901	0.996749
393.051	0.997593
393.201	0.99586
393.351	0.991923
393.501	0.986562
393.651	0.980716
393.801	0.975213
393.951	0.970591
394.101	0.96708
394.251	0.964672
394.401	0.963252
394.551	0.962725
394.701	0.963098
394.851	0.964498
395.001	0.967115
395.151	0.971069
395.301	0.976255
395.451	0.98225
395.601	0.988278
395.751	0.993395
395.901	0.996678
396.051	0.997514
396.201	0.995775
396.351	0.991852
396.501	0.986518
396.651	0.980671
396.801	0.975163
396.951	0.970541
397.101	0.967033
397.251	0.964629
397.401	0.963212
397.551	0.962687
397.701	0.963064
397.851	0.964465
398.001	0.967076
398.151	0.97102
398.301	0.97621
398.451	0.982209
398.601	0.988236
398.751	0.993349
398.901	0.996625
399.051	0.997452
399.201	0.995707
399.351	0.991783
399.501	0.986453
399.651	0.980619
399.801	0.975113
399.951	0.97049
400.101	0.966983
400.251	0.964582
400.401	0.963168
400.551	0.962646
400.701	0.963025
400.851	0.964427
401.001	0.967038
401.151	0.97098
401.301	0.976164
401.451	0.982174
401.601	0.988205
401.751	0.993318
401.901	0.996588
402.051	0.997407
402.201	0.995655
402.351	0.991726
402.501	0.986397
402.651	0.980568
402.801	0.97507
402.951	0.970446
403.101	0.96693
403.251	0.964531
403.401	0.96312
403.551	0.962601
403.701	0.962982
403.851	0.964386
404.001	0.966998
404.151	0.970938
404.301	0.976116
404.451	0.982115
404.601	0.988161
404.751	0.993299
404.901	0.996566
405.051	0.997378
405.201	0.995617
405.351	0.991682
405.501	0.986349
405.651	0.980522
405.801	0.975029
405.951	0.970411
406.101	0.966899
406.251	0.964488
406.401	0.96307
406.551	0.962553
406.701	0.962936
406.851	0.964342
407.001	0.966955
407.151	0.970894
407.301	0.97607
407.451	0.98206
407.601	0.988094
407.751	0.993229
407.901	0.996535
408.051	0.997364
408.201	0.995593
408.351	0.991648
408.501	0.986309
408.651	0.98048
408.801	0.974988
408.951	0.970374
409.101	0.966868
409.251	0.964461
409.401	0.96304
409.551	0.962509
409.701	0.962888
409.851	0.964296
410.001	0.96691
410.151	0.970851
410.301	0.976025
410.451	0.982012
410.601	0.988038
410.751	0.99316
410.901	0.996453
411.051	0.997301
411.201	0.995572
411.351	0.991624
411.501	0.986275
411.651	0.98044
411.801	0.974948
411.951	0.970336
412.101	0.966833
412.251	0.96443
412.401	0.963013
412.551	0.962485
412.701	0.962855
412.851	0.964249
413.001	0.966865
413.151	0.970808
413.301	0.975984
413.451	0.98197
413.601	0.987991
413.751	0.993105
413.901	0.996388
414.051	0.997226
414.201	0.995493
414.351	0.991576
414.501	0.986246
414.651	0.980403
414.801	0.974906
414.951	0.970295
415.101	0.966794
415.251	0.964395
415.401	0.962981
415.551	0.962457
415.701	0.96283
415.851	0.964225
416.001	0.966828
416.151	0.970766
416.301	0.975947
416.451	0.981935
416.601	0.987956
416.751	0.993064
416.901	0.996339
417.051	0.997169
417.201	0.99543
417.351	0.991511
417.501	0.986188
417.651	0.980362
417.801	0.974864
417.951	0.970251
418.101	0.966752
418.251	0.964356
418.401	0.962945
418.551	0.962423
418.701	0.962799
418.851	0.964196
419.001	0.9668
419.151	0.970733
419.301	0.97591
419.451	0.981907
419.601	0.98793
419.751	0.993038
419.901	0.996307
420.051	0.997129
420.201	0.995382
420.351	0.99146
420.501	0.986138
420.651	0.980318
420.801	0.974827
420.951	0.97021
421.101	0.966707
421.251	0.964314
421.401	0.962905
421.551	0.962386
421.701	0.962764
421.851	0.964163
422.001	0.966767
422.151	0.970699
422.301	0.97587
422.451	0.981863
422.601	0.987906
422.751	0.993025
422.901	0.99629
423.051	0.997104
423.201	0.995349
423.351	0.991421
423.501	0.986096
423.651	0.980278
423.801	0.974793
423.951	0.970182
424.101	0.966677
424.251	0.964271
424.401	0.962862
424.551	0.962346
424.701	0.962726
424.851	0.964127
425.001	0.966732
425.151	0.970663
425.301	0.97583
425.451	0.981815
425.601	0.987845
425.751	0.992979
425.901	0.996287
426.051	0.997095
426.201	0.99533
426.351	0.991393
426.501	0.986062
426.651	0.980243
426.801	0.97476
426.951	0.970153
427.101	0.966653
427.251	0.964251
427.401	0.962832
427.551	0.962303
427.701	0.962685
427.851	0.964087
428.001	0.966695
428.151	0.970627
428.301	0.975793
428.451	0.981773
428.601	0.987794
428.751	0.992914
428.901	0.996209
429.051	0.99706
429.201	0.995323
429.351	0.991374
429.501	0.986034
429.651	0.98021
429.801	0.974726
429.951	0.970122
430.101	0.966626
430.251	0.964228
430.401	0.962812
430.551	0.962285
430.701	0.962652
430.851	0.964047
431.001	0.966656
431.151	0.970591
431.301	0.975758
431.451	0.981737
431.601	0.987752
431.751	0.992864
431.901	0.996147
432.051	0.996988
432.201	0.995259
432.351	0.991346
432.501	0.986012
432.651	0.980179
432.801	0.974692
432.951	0.970089
433.101	0.966595
433.251	0.9642
433.401	0.962788
433.551	0.962263
433.701	0.962634
433.851	0.964024
434.001	0.966621
434.151	0.970556
434.301	0.975727
434.451	0.981707
434.601	0.987721
434.751	0.992827
434.901	0.996102
435.051	0.996934
435.201	0.995199
435.351	0.991286
435.501	0.985968
435.651	0.980148
435.801	0.974657
435.951	0.970052
436.101	0.96656
436.251	0.964168
436.401	0.962759
436.551	0.962237
436.701	0.96261
436.851	0.964003
437.001	0.9666
437.151	0.970527
437.301	0.975698
437.451	0.981684
437.601	0.987701
437.751	0.992804
437.901	0.996073
438.051	0.996897
438.201	0.995155
438.351	0.991239
438.501	0.985923
438.651	0.980109
438.801	0.974625
438.951	0.970013
439.101	0.966522
439.251	0.964132
439.401	0.962726
439.551	0.962207
439.701	0.962582
439.851	0.963977
440.001	0.966575
440.151	0.970499
440.301	0.975664
440.451	0.981653
440.501	0.983674
440.571	0.986476
440.657	0.989718
440.755	0.992904
440.865	0.995449
440.982	0.996804
441.105	0.996564
441.235	0.994433
441.368	0.990661
441.504	0.985751
441.644	0.980352
441.785	0.975141
441.928	0.970627
442.073	0.967078
442.218	0.964547
442.365	0.96296
442.512	0.962233
442.66	0.962355
442.808	0.963429
442.956	0.965635
443.105	0.969133
443.254	0.973922
443.404	0.979691
443.51	0.984034
443.626	0.988564
443.748	0.992677
443.876	0.995618
444.008	0.996853
444.144	0.996031
444.283	0.993177
444.424	0.988713
444.566	0.983325
444.71	0.977788
444.856	0.972761
445.002	0.968648
445.149	0.965594
445.297	0.963557
445.445	0.962434
445.593	0.962166
445.742	0.9628
445.891	0.964489
446.04	0.967417
446.19	0.971671
446.339	0.977089
446.489	0.983147
446.638	0.989011
446.788	0.993724
446.938	0.996419
447.088	0.996597
447.238	0.994266
447.388	0.989928
447.538	0.98441
447.687	0.978616
447.837	0.973312
447.987	0.968969
448.137	0.965758
448.287	0.963623
448.437	0.962441
448.587	0.962134
448.737	0.962742
448.887	0.964411
449.037	0.967324
449.187	0.971568
449.337	0.976983
449.487	0.983063
449.637	0.988962
449.787	0.993693
449.937	0.9964
450.087	0.996582
450.237	0.99425
450.387	0.989909
450.537	0.98439
450.687	0.978596
450.837	0.973296
450.987	0.968953
451.137	0.965729
451.287	0.963589
451.437	0.962408
451.587	0.962104
451.737	0.962714
451.887	0.964384
452.037	0.967298
452.187	0.97154
452.337	0.97695
452.487	0.98302
452.637	0.988921
452.787	0.993688
452.937	0.996403
453.087	0.996577
453.237	0.994235
453.387	0.989886
453.537	0.984363
453.687	0.97857
453.837	0.973273
453.987	0.968935
454.137	0.965716
454.287	0.96357
454.437	0.962375
454.587	0.962071
454.737	0.962682
454.887	0.964355
455.037	0.967271
455.187	0.971513
455.337	0.97692
455.487	0.982984
455.637	0.988873
455.787	0.993626
455.937	0.996367
456.087	0.996585
456.237	0.994232
456.387	0.989872
456.537	0.984341
456.687	0.978545
456.837	0.973249
456.987	0.968914
457.137	0.965699
457.287	0.963557
457.437	0.962365
457.587	0.962049
457.737	0.962649
457.887	0.964323
458.037	0.967242
458.187	0.971486
458.337	0.976894
458.487	0.982954
458.637	0.988835
458.787	0.993577
458.937	0.996307
459.087	0.996517
459.237	0.994207
459.387	0.989865
459.537	0.984324
459.687	0.978521
459.837	0.973223
459.987	0.968889
460.137	0.965678
460.287	0.963539
460.437	0.962351
460.587	0.962038
460.737	0.962637
460.887	0.964298
461.037	0.967211
461.187	0.97146
461.337	0.97687
461.487	0.982931
461.637	0.988809
461.787	0.993543
461.937	0.996264
462.087	0.996465
462.237	0.994151
462.387	0.98982
462.537	0.984302
462.687	0.978498
462.837	0.973196
462.987	0.968862
463.137	0.965652
463.287	0.963516
463.437	0.962331
463.587	0.962021
463.737	0.962623
463.887	0.964286
464.037	0.967194
464.187	0.971435
464.337	0.97685
464.487	0.982915
464.637	0.988793
464.787	0.993523
464.937	0.996236
465.087	0.996429
465.237	0.994109
465.387	0.989778
465.537	0.984263
465.687	0.97847
465.837	0.973167
465.987	0.968831
466.137	0.965623
466.287	0.963489
466.437	0.962307
466.587	0.961999
466.737	0.962604
466.887	0.964269
467.037	0.967177
467.187	0.971415
467.337	0.976826
467.487	0.982905
467.637	0.988789
467.787	0.993518
467.937	0.996225
468.087	0.99641
468.237	0.994082
468.387	0.989747
468.537	0.984232
468.687	0.978444
468.837	0.973148
468.987	0.968809
469.137	0.96559
469.287	0.963458
469.437	0.962278
469.587	0.961973
469.737	0.96258
469.887	0.964247
470.037	0.967156
470.187	0.971393
470.337	0.976798
470.487	0.982866
470.637	0.988766
470.787	0.993525
470.937	0.996228
471.087	0.996405
471.237	0.994068
471.387	0.989726
471.537	0.984208
471.687	0.978421
471.837	0.973129
471.987	0.968795
472.137	0.96558
472.287	0.963436
472.437	0.962247
472.587	0.961944
472.737	0.962553
472.887	0.964222
473.037	0.967133
473.187	0.97137
473.337	0.976772
473.487	0.982832
473.637	0.98872
473.787	0.993473
473.937	0.996218
474.087	0.996414
474.237	0.994066
474.387	0.989714
474.537	0.98419
474.687	0.9784
474.837	0.973109
474.987	0.968778
475.137	0.965568
475.287	0.963428
475.437	0.962237
475.587	0.961919
475.737	0.962524
475.887	0.964195
476.037	0.967108
476.187	0.971347
476.337	0.976749
476.487	0.982805
476.637	0.988684
476.787	0.993426
476.937	0.996158
477.087	0.996371
477.237	0.994063
477.387	0.98971
477.537	0.984175
477.687	0.97838
477.837	0.973088
477.987	0.968759
478.137	0.965551
478.287	0.963415
478.437	0.962227
478.587	0.961913
478.737	0.96251
478.887	0.964168
479.037	0.967082
479.187	0.971324
479.337	0.976729
479.487	0.982784
479.637	0.988659
479.787	0.993393
479.937	0.996115
480.087	0.996319
480.237	0.994008
480.387	0.989681
480.537	0.984165
480.687	0.978361
480.837	0.973065
480.987	0.968736
481.137	0.965531
481.287	0.963397
481.437	0.962212
481.587	0.961901
481.737	0.962501
481.887	0.964161
482.037	0.967064
482.187	0.971303
482.337	0.976712
482.487	0.982771
482.637	0.988646
482.787	0.993374
482.937	0.996088
483.087	0.996284
483.237	0.993967
483.387	0.98964
483.537	0.984129
483.687	0.978339
483.837	0.97304
483.987	0.96871
484.137	0.965506
484.287	0.963374
484.437	0.962193
484.587	0.961884
484.737	0.962487
484.887	0.964148
485.037	0.967052
485.187	0.971286
485.337	0.976695
485.487	0.982765
485.637	0.988642
485.787	0.993369
485.937	0.996077
486.087	0.996265
486.237	0.993941
486.387	0.98961
486.537	0.9841
486.687	0.978316
486.837	0.973023
486.987	0.968687
487.137	0.965477
487.287	0.963348
487.437	0.962169
487.587	0.961863
487.737	0.962468
487.887	0.964131
488.037	0.967036
488.187	0.971269
488.337	0.976671
488.487	0.982736
488.637	0.988637
488.787	0.993378
488.937	0.996081
489.087	0.996261
489.237	0.993928
489.387	0.989591
489.537	0.984078
489.687	0.978296
489.837	0.973008
489.987	0.968677
490.137	0.965465
490.287	0.963322
490.437	0.962142
490.587	0.961838
490.737	0.962445
490.887	0.964111
491.037	0.967017
491.187	0.97125
491.337	0.976648
491.487	0.982705
491.637	0.988593
491.787	0.993348
491.937	0.996095
492.087	0.996271
492.237	0.993928
492.387	0.989581
492.537	0.984062
492.687	0.978278
492.837	0.972992
492.987	0.968665
493.137	0.965457
493.287	0.963318
493.437	0.962128
493.587	0.961811
493.737	0.96242
493.887	0.964087
494.037	0.966996
494.187	0.97123
494.337	0.976628
494.487	0.98268
494.637	0.988559
494.787	0.993301
494.937	0.996035
495.087	0.996251
495.237	0.993938
495.387	0.989579
495.537	0.984051
495.687	0.978262
495.837	0.972975
495.987	0.96865
496.137	0.965445
496.287	0.96331
496.437	0.962123
496.587	0.961808
496.737	0.962403
496.887	0.964062
497.037	0.966974
497.187	0.971211
497.337	0.97661
497.487	0.982662
497.637	0.988535
497.787	0.993268
497.937	0.995992
498.087	0.996199
498.237	0.993891
498.387	0.989566
498.537	0.984043
498.687	0.978246
498.837	0.972956
498.987	0.968631
499.137	0.965428
499.287	0.963297
499.437	0.962112
499.587	0.961801
499.737	0.962399
499.887	0.964055
500.037	0.966955
500.187	0.971193
500.337	0.976597
500.487	0.982651
500.637	0.988522
500.787	0.99325
500.937	0.995965
501.087	0.996163
501.237	0.99385
501.387	0.989526
501.537	0.984017
501.687	0.978229
501.837	0.972935
501.987	0.968609
502.137	0.965408
502.287	0.963278
502.437	0.962097
502.587	0.961788
502.737	0.962389
502.887	0.964047
503.037	0.966947
503.187	0.971179
503.337	0.976585
503.487	0.982646
503.637	0.98852
503.787	0.993245
503.937	0.995954
504.087	0.996144
504.237	0.993824
504.387	0.989497
504.537	0.98399
504.687	0.978209
504.837	0.972919
504.987	0.968584
505.137	0.965383
505.287	0.963256
505.437	0.962077
505.587	0.961771
505.737	0.962374
505.887	0.964034
506.037	0.966936
506.187	0.971165
506.337	0.976564
506.487	0.982629
506.637	0.988528
506.787	0.993254
506.937	0.995958
507.087	0.99614
507.237	0.993811
507.387	0.989478
507.537	0.98397
507.687	0.978191
507.837	0.972906
507.987	0.968578
508.137	0.965368
508.287	0.96323
508.437	0.962054
508.587	0.96175
508.737	0.962355
508.887	0.964018
509.037	0.96692
509.187	0.971149
509.337	0.976544
509.487	0.9826
509.637	0.988488
509.787	0.993245
509.937	0.995976
510.087	0.99615
510.237	0.993811
510.387	0.989469
510.537	0.983956
510.687	0.978176
510.837	0.972894
510.987	0.96857
511.137	0.965364
511.287	0.963226
511.437	0.962036
511.587	0.961726
511.737	0.962333
511.887	0.963998
512.037	0.966903
512.187	0.971133
512.337	0.976527
512.487	0.982577
512.637	0.988455
512.787	0.993199
512.937	0.995935
513.087	0.996153
513.237	0.993822
513.387	0.989469
513.537	0.983947
513.687	0.978163
513.837	0.97288
513.987	0.968558
514.137	0.965356
514.287	0.963222
514.437	0.962035
514.587	0.961719
514.737	0.962313
514.887	0.963976
515.037	0.966884
515.187	0.971117
515.337	0.976512
515.487	0.98256
515.637	0.988432
515.787	0.993166
515.937	0.995891
516.087	0.9961
516.237	0.993795
516.387	0.989472
516.537	0.983942
516.687	0.97815
516.837	0.972865
516.987	0.968544
517.137	0.965343
517.287	0.963213
517.437	0.962029
517.587	0.961716
517.737	0.962312
517.887	0.963966
518.037	0.966864
518.187	0.971101
518.337	0.9765
518.487	0.98255
518.637	0.988419
518.787	0.993147
518.937	0.995863
519.087	0.996064
519.237	0.993754
519.387	0.989432
519.537	0.983925
519.687	0.978138
519.837	0.972847
519.987	0.968525
520.137	0.965326
520.287	0.963198
520.437	0.962017
520.587	0.961707
520.737	0.962306
520.887	0.963962
521.037	0.96686
521.187	0.971088
521.337	0.976492
521.487	0.982547
521.637	0.988417
521.787	0.993142
521.937	0.995851
522.087	0.996044
522.237	0.993727
522.387	0.989403
522.537	0.983899
522.687	0.978119
522.837	0.972831
522.987	0.968503
523.137	0.965305
523.287	0.963179
523.437	0.962001
523.587	0.961694
523.737	0.962295
523.887	0.963953
524.037	0.966851
524.187	0.971078
524.337	0.976475
524.487	0.982541
524.637	0.988426
524.787	0.99315
524.937	0.995854
525.087	0.996039
525.237	0.993714
525.387	0.989385
525.537	0.98388
525.687	0.978104
525.837	0.972822
525.987	0.968495
526.137	0.965286
526.287	0.963157
526.437	0.961981
526.587	0.961676
526.737	0.96228
526.887	0.96394
527.037	0.96684
527.187	0.971065
527.337	0.976458
527.487	0.982513
527.637	0.988402
527.787	0.993162
527.937	0.995872
528.087	0.996048
528.237	0.993714
528.387	0.989377
528.537	0.983868
528.687	0.978091
528.837	0.972812
528.987	0.96849
529.137	0.965285
529.287	0.963149
529.437	0.961959
529.587	0.961655
529.737	0.962261
529.887	0.963923
530.037	0.966825
530.187	0.971051
530.337	0.976442
530.487	0.982491
530.637	0.988369
530.787	0.993115
530.937	0.995854
531.087	0.996071
531.237	0.993725
531.387	0.989377
531.537	0.98386
531.687	0.97808
531.837	0.972801
531.987	0.968482
532.137	0.965281
532.287	0.963148
532.437	0.961961
532.587	0.961645
532.737	0.962239
532.887	0.963904
533.037	0.966809
533.187	0.971038
533.337	0.976429
533.487	0.982475
533.637	0.988346
533.787	0.993081
533.937	0.995809
534.087	0.99602
534.237	0.993717
534.387	0.989385
534.537	0.983857
534.687	0.97807
534.837	0.972789
534.987	0.96847
535.137	0.965272
535.287	0.963142
535.437	0.961958
535.587	0.961645
535.737	0.96224
535.887	0.963891
536.037	0.966791
536.187	0.971024
536.337	0.976419
536.487	0.982466
536.637	0.988334
536.787	0.993061
536.937	0.995779
537.087	0.995983
537.237	0.993675
537.387	0.989355
537.537	0.983849
537.687	0.97806
537.837	0.972774
537.987	0.968455
538.137	0.965258
538.287	0.963131
538.437	0.96195
538.587	0.96164
538.737	0.962237
538.887	0.963891
539.037	0.966786
539.187	0.971013
539.337	0.976413
539.487	0.982464
539.637	0.988332
539.787	0.993055
539.937	0.995766
540.087	0.995961
540.237	0.993647
540.387	0.989326
540.537	0.983824
540.687	0.978046
540.837	0.972758
540.987	0.968436
541.137	0.96524
541.287	0.963116
541.437	0.961937
541.587	0.96163
541.737	0.962229
541.887	0.963885
542.037	0.966781
542.187	0.971005
542.337	0.976402
542.487	0.982468
542.637	0.98834
542.787	0.993063
542.937	0.995768
543.087	0.995955
543.237	0.993633
543.387	0.989308
543.537	0.983806
543.687	0.978032
543.837	0.972751
543.987	0.968426
544.137	0.965219
544.287	0.963096
544.437	0.96192
544.587	0.961615
544.737	0.962217
544.887	0.963875
545.037	0.966772
545.187	0.970995
545.337	0.976386
545.487	0.982441
545.637	0.988332
545.787	0.993083
545.937	0.995784
546.087	0.995963
546.237	0.993632
546.387	0.989299
546.537	0.983794
546.687	0.978021
546.837	0.972743
546.987	0.968423
547.137	0.965219
547.287	0.963084
547.437	0.9619
547.587	0.961596
547.737	0.962201
547.887	0.963861
548.037	0.96676
548.187	0.970984
548.337	0.976372
548.487	0.98242
548.637	0.988299
548.787	0.993046
548.937	0.995789
549.087	0.995985
549.237	0.993643
549.387	0.9893
549.537	0.983787
549.687	0.978011
549.837	0.972735
549.987	0.968418
550.137	0.965218
550.287	0.963086
550.437	0.961899
550.587	0.961581
550.737	0.962182
550.887	0.963845
551.037	0.966746
551.187	0.970972
551.337	0.976361
551.487	0.982405
551.637	0.988275
551.787	0.993012
551.937	0.995742
552.087	0.995956
552.237	0.993654
552.387	0.989308
552.537	0.983785
552.687	0.978003
552.837	0.972725
552.987	0.968409
553.137	0.965212
553.287	0.963083
553.437	0.961899
553.587	0.961585
553.737	0.962178
553.887	0.963827
554.037	0.966731
554.187	0.970961
554.337	0.976352
554.487	0.982396
554.637	0.988262
554.787	0.99299
554.937	0.995711
555.087	0.995916
555.237	0.993611
555.387	0.989292
555.537	0.983786
555.687	0.977995
555.837	0.972713
555.987	0.968397
556.137	0.965201
556.287	0.963075
556.437	0.961894
556.587	0.961583
556.737	0.962179
556.887	0.96383
557.037	0.966723
557.187	0.97095
557.337	0.976347
557.487	0.982394
557.637	0.98826
557.787	0.992983
557.937	0.995695
558.087	0.995893
558.237	0.993582
558.387	0.989262
558.537	0.983762
558.687	0.977984
558.837	0.972699
558.987	0.968381
559.137	0.965186
559.287	0.963062
559.437	0.961884
559.587	0.961576
559.737	0.962174
559.887	0.963828
560.037	0.966721
560.187	0.970944
560.337	0.97634
560.487	0.982399
560.637	0.988268
560.787	0.992989
560.937	0.995695
561.087	0.995885
561.237	0.993566
561.387	0.989244
561.537	0.983744
561.687	0.977971
561.837	0.972691
561.987	0.968367
562.137	0.965168
562.287	0.963045
562.437	0.96187
562.587	0.961564
562.737	0.962165
562.887	0.963821
563.037	0.966715
563.187	0.970936
563.337	0.976327
563.487	0.982382
563.637	0.988275
563.787	0.993009
563.937	0.995711
564.087	0.995892
564.237	0.993564
564.387	0.989235
564.537	0.983733
564.687	0.977962
564.837	0.972686
564.987	0.968367
565.137	0.965164
565.287	0.963028
565.437	0.961852
565.587	0.961548
565.737	0.962151
565.887	0.963809
566.037	0.966706
566.187	0.970927
566.337	0.976314
566.487	0.982362
566.637	0.988241
566.787	0.992992
566.937	0.995737
567.087	0.995912
567.237	0.993574
567.387	0.989235
567.537	0.983727
567.687	0.977954
567.837	0.97268
567.987	0.968364
568.137	0.965165
568.287	0.963033
568.437	0.961846
568.587	0.961529
568.737	0.962134
568.887	0.963795
569.037	0.966694
569.187	0.970917
569.337	0.976304
569.487	0.982347
569.637	0.988217
569.787	0.992955
569.937	0.995688
570.087	0.995905
570.237	0.993595
570.387	0.989243
570.537	0.983725
570.687	0.977947
570.837	0.972672
570.987	0.968358
571.137	0.965162
571.287	0.963033
571.437	0.961849
571.587	0.961534
571.737	0.962126
571.887	0.963779
572.037	0.966681
572.187	0.970908
572.337	0.976296
572.487	0.982338
572.637	0.988204
572.787	0.992932
572.937	0.995655
573.087	0.995863
573.237	0.993559
573.387	0.989242
573.537	0.983727
573.687	0.977941
573.837	0.972662
573.987	0.968348
574.137	0.965154
574.287	0.963028
574.437	0.961847
574.587	0.961535
574.737	0.962129
574.887	0.963779
575.037	0.966671
575.187	0.970898
575.337	0.976292
575.487	0.982336
575.637	0.9882
575.787	0.992923
575.937	0.995637
576.087	0.995837
576.237	0.993528
576.387	0.989211
576.537	0.983711
576.687	0.977933
576.837	0.97265
576.987	0.968334
577.137	0.965141
577.287	0.963018
577.437	0.96184
577.587	0.961531
577.737	0.962128
577.887	0.96378
578.037	0.966671
578.187	0.970893
578.337	0.976289
578.487	0.982341
578.637	0.988207
578.787	0.992928
578.937	0.995635
579.087	0.995827
579.237	0.993511
579.387	0.989191
579.537	0.983693
579.687	0.977921
579.837	0.972642
579.987	0.968317
580.137	0.965125
580.287	0.963004
580.437	0.961828
580.587	0.961521
580.737	0.962121
580.887	0.963775
581.037	0.966668
581.187	0.970887
581.337	0.976277
581.487	0.982334
581.637	0.988225
581.787	0.992946
581.937	0.995648
582.087	0.995832
582.237	0.993508
582.387	0.989181
582.537	0.983682
582.687	0.977912
582.837	0.972638
582.987	0.968319
583.137	0.965116
583.287	0.962985
583.437	0.961812
583.587	0.961507
583.737	0.96211
583.887	0.963766
584.037	0.966661
584.187	0.97088
584.337	0.976266
584.487	0.982314
584.637	0.988195
584.787	0.992948
584.937	0.995675
585.087	0.995851
585.237	0.993516
585.387	0.989181
585.537	0.983676
585.687	0.977906
585.837	0.972633
585.987	0.968318
586.137	0.96512
586.287	0.962988
586.437	0.961801
586.587	0.961491
586.737	0.962095
586.887	0.963754
587.037	0.966651
587.187	0.970872
587.337	0.976256
587.487	0.982299
587.637	0.98817
587.787	0.99291
587.937	0.995645
588.087	0.995865
588.237	0.993536
588.387	0.989189
588.537	0.983675
588.687	0.9779
588.837	0.972627
588.987	0.968315
589.137	0.965119
589.287	0.962991
589.437	0.961807
589.587	0.961491
589.737	0.962081
589.887	0.963739
590.037	0.96664
590.187	0.970863
590.337	0.976249
590.487	0.98229
590.637	0.988155
590.787	0.992885
590.937	0.99561
591.087	0.99582
591.237	0.993518
591.387	0.989201
591.537	0.983678
591.687	0.977895
591.837	0.972619
591.987	0.968307
592.137	0.965114
592.287	0.962989
592.437	0.961807
592.587	0.961494
592.737	0.962088
592.887	0.963736
593.037	0.966627
593.187	0.970855
593.337	0.976245
593.487	0.982288
593.637	0.988151
593.787	0.992874
593.937	0.99559
594.087	0.995792
594.237	0.993485
594.387	0.989169
594.537	0.983669
594.687	0.97789
594.837	0.972609
594.987	0.968296
595.137	0.965104
595.287	0.962981
595.437	0.961803
595.587	0.961492
595.737	0.962088
595.887	0.963739
596.037	0.966629
596.187	0.97085
596.337	0.976245
596.487	0.982292
596.637	0.988157
596.787	0.992877
596.937	0.995585
597.087	0.995779
597.237	0.993466
597.387	0.989148
597.537	0.983651
597.687	0.97788
597.837	0.9726
597.987	0.968281
598.137	0.96509
598.287	0.962969
598.437	0.961793
598.587	0.961485
598.737	0.962084
598.887	0.963737
599.037	0.966628
599.187	0.970846
599.337	0.976236
599.487	0.982294
599.637	0.988173
599.787	0.992893
599.937	0.995596
600	0.996032
